80,80
1.0,1.0,10.0,10.0,1.0,1.0,1.0,1.0,1.0,1.0,1.0,1.0,1.0,1.0,1.0,1.0,1.0,1.0,1.0,10.0,1.0,1.0,1.0,1.0,20.0,20.0,20.0,20.0,20.0,20.0,20.0,20.0,20.0,20.0,20.0,20.0,20.0,20.0,20.0,20.0,1.0,1.0,1.0,10.0,10.0,1.0,10.0,10.0,10.0,10.0,10.0,10.0,10.0,10.0,10.0,1.0,1.0,1.0,1.0,1.0,1.0,1.0,1.0,1.0,1.0,1.0,1.0,20.0,20.0,20.0,20.0,20.0,20.0,20.0,20.0,20.0,20.0,20.0,20.0,1.0
1.0,10.0,1.0,1.0,1.0,1.0,1.0,1.0,1.0,1.0,15.0,15.0,15.0,15.0,15.0,15.0,15.0,1.0,1.0,10.0,1.0,1.0,1.0,20.0,20.0,20.0,20.0,20.0,20.0,20.0,20.0,20.0,20.0,20.0,20.0,20.0,20.0,20.0,20.0,1.0,1.0,1.0,1.0,10.0,1.0,1.0,10.0,1.0,1.0,1.0,1.0,1.0,1.0,1.0,10.0,10.0,10.0,10.0,10.0,1.0,1.0,1.0,1.0,1.0,1.0,1.0,1.0,20.0,20.0,20.0,20.0,20.0,20.0,20.0,20.0,20.0,20.0,1.0,20.0,20.0
10.0,1.0,1.0,1.0,1.0,10.0,1.0,1.0,15.0,15.0,15.0,1.0,1.0,1.0,1.0,1.0,15.0,15.0,1.0,1.0,10.0,1.0,1.0,1.0,20.0,20.0,20.0,20.0,20.0,20.0,20.0,20.0,20.0,20.0,20.0,20.0,20.0,20.0,1.0,1.0,1.0,10.0,10.0,10.0,1.0,10.0,1.0,1.0,1.0,1.0,1.0,1.0,1.0,1.0,1.0,1.0,1.0,1.0,10.0,10.0,10.0,10.0,1.0,1.0,1.0,1.0,1.0,1.0,20.0,20.0,20.0,20.0,20.0,20.0,20.0,20.0,20.0,20.0,20.0,20.0
10.0,1.0,1.0,1.0,1.0,1.0,1.0,1.0,15.0,1.0,1.0,1.0,1.0,1.0,1.0,1.0,1.0,15.0,15.0,1.0,10.0,1.0,1.0,1.0,20.0,20.0,20.0,20.0,20.0,20.0,20.0,20.0,20.0,20.0,20.0,20.0,20.0,20.0,1.0,1.0,10.0,10.0,1.0,1.0,1.0,10.0,1.0,1.0,1.0,1.0,1.0,1.0,15.0,15.0,15.0,15.0,15.0,15.0,1.0,1.0,1.0,10.0,10.0,10.0,1.0,1.0,1.0,1.0,20.0,20.0,20.0,1.0,20.0,20.0,20.0,20.0,20.0,1.0,20.0,20.0
1.0,1.0,1.0,1.0,1.0,10.0,10.0,1.0,15.0,1.0,1.0,1.0,10.0,1.0,1.0,1.0,1.0,1.0,15.0,1.0,10.0,10.0,1.0,1.0,20.0,20.0,20.0,20.0,20.0,20.0,20.0,20.0,20.0,20.0,20.0,20.0,1.0,1.0,1.0,1.0,10.0,1.0,1.0,1.0,10.0,1.0,1.0,1.0,1.0,1.0,1.0,15.0,1.0,1.0,1.0,1.0,1.0,1.0,15.0,15.0,1.0,1.0,1.0,10.0,1.0,1.0,1.0,1.0,20.0,20.0,20.0,20.0,20.0,20.0,20.0,20.0,20.0,20.0,20.0,20.0
1.0,1.0,1.0,1.0,10.0,1.0,10.0,1.0,15.0,1.0,1.0,10.0,1.0,1.0,1.0,1.0,1.0,1.0,15.0,15.0,1.0,10.0,1.0,1.0,20.0,20.0,20.0,20.0,20.0,20.0,20.0,20.0,20.0,20.0,20.0,20.0,1.0,1.0,1.0,1.0,10.0,1.0,1.0,1.0,1.0,1.0,1.0,1.0,1.0,15.0,15.0,1.0,1.0,1.0,1.0,1.0,1.0,1.0,1.0,1.0,15.0,1.0,1.0,10.0,10.0,1.0,1.0,1.0,1.0,1.0,20.0,20.0,20.0,20.0,20.0,20.0,20.0,20.0,20.0,20.0
1.0,1.0,10.0,10.0,1.0,1.0,10.0,1.0,15.0,1.0,1.0,10.0,1.0,1.0,1.0,1.0,1.0,1.0,1.0,15.0,1.0,10.0,10.0,1.0,1.0,20.0,20.0,20.0,20.0,20.0,20.0,20.0,20.0,20.0,20.0,20.0,1.0,1.0,1.0,1.0,10.0,1.0,1.0,10.0,1.0,1.0,1.0,1.0,15.0,15.0,1.0,1.0,1.0,1.0,1.0,1.0,1.0,1.0,1.0,1.0,15.0,15.0,1.0,1.0,10.0,10.0,1.0,1.0,1.0,1.0,20.0,20.0,20.0,20.0,1.0,1.0,20.0,20.0,20.0,20.0
1.0,10.0,10.0,1.0,1.0,1.0,1.0,1.0,15.0,1.0,1.0,10.0,1.0,1.0,1.0,1.0,1.0,1.0,1.0,15.0,15.0,1.0,10.0,1.0,1.0,20.0,20.0,20.0,20.0,20.0,20.0,20.0,20.0,20.0,20.0,1.0,1.0,1.0,1.0,10.0,1.0,1.0,1.0,10.0,1.0,1.0,1.0,1.0,15.0,1.0,1.0,10.0,1.0,1.0,10.0,10.0,1.0,1.0,1.0,1.0,1.0,15.0,1.0,1.0,1.0,10.0,10.0,10.0,1.0,1.0,20.0,20.0,1.0,1.0,20.0,20.0,20.0,20.0,1.0,20.0
1.0,10.0,1.0,1.0,1.0,1.0,1.0,15.0,15.0,1.0,1.0,10.0,1.0,1.0,1.0,1.0,1.0,1.0,1.0,1.0,15.0,15.0,10.0,10.0,1.0,20.0,20.0,20.0,20.0,20.0,20.0,20.0,20.0,20.0,20.0,1.0,1.0,1.0,1.0,10.0,1.0,1.0,1.0,10.0,1.0,1.0,1.0,15.0,1.0,1.0,10.0,1.0,1.0,1.0,1.0,1.0,10.0,10.0,1.0,1.0,1.0,15.0,15.0,1.0,1.0,1.0,1.0,10.0,10.0,1.0,20.0,20.0,20.0,20.0,20.0,20.0,20.0,20.0,20.0,20.0
1.0,10.0,1.0,15.0,15.0,15.0,15.0,15.0,1.0,1.0,1.0,10.0,1.0,1.0,1.0,1.0,START,1.0,1.0,1.0,1.0,15.0,1.0,10.0,1.0,20.0,20.0,20.0,20.0,20.0,20.0,20.0,20.0,20.0,20.0,1.0,1.0,1.0,1.0,10.0,1.0,1.0,10.0,1.0,1.0,1.0,15.0,15.0,1.0,1.0,10.0,1.0,1.0,1.0,1.0,1.0,1.0,1.0,1.0,10.0,1.0,1.0,15.0,1.0,1.0,1.0,1.0,1.0,10.0,1.0,20.0,20.0,1.0,1.0,1.0,20.0,20.0,20.0,1.0,20.0
1.0,10.0,1.0,15.0,1.0,1.0,1.0,1.0,1.0,1.0,1.0,1.0,10.0,1.0,1.0,1.0,1.0,1.0,1.0,1.0,1.0,1.0,15.0,10.0,1.0,20.0,20.0,20.0,20.0,20.0,20.0,20.0,20.0,20.0,20.0,1.0,1.0,1.0,10.0,1.0,1.0,1.0,10.0,1.0,1.0,1.0,15.0,1.0,1.0,10.0,1.0,1.0,1.0,1.0,1.0,1.0,1.0,1.0,1.0,1.0,1.0,1.0,15.0,15.0,1.0,1.0,1.0,1.0,10.0,10.0,1.0,20.0,20.0,20.0,20.0,20.0,20.0,20.0,20.0,20.0
1.0,10.0,1.0,15.0,1.0,1.0,1.0,1.0,1.0,1.0,1.0,1.0,10.0,10.0,1.0,1.0,1.0,1.0,1.0,1.0,1.0,1.0,15.0,15.0,1.0,20.0,20.0,20.0,20.0,20.0,20.0,20.0,20.0,20.0,20.0,1.0,1.0,1.0,10.0,1.0,1.0,1.0,10.0,1.0,1.0,15.0,1.0,1.0,1.0,10.0,1.0,20.0,20.0,20.0,20.0,20.0,20.0,20.0,20.0,1.0,1.0,1.0,1.0,10.0,10.0,1.0,1.0,1.0,1.0,10.0,1.0,1.0,1.0,1.0,1.0,1.0,1.0,1.0,20.0,20.0
1.0,10.0,1.0,15.0,15.0,1.0,1.0,1.0,1.0,1.0,1.0,1.0,1.0,10.0,10.0,1.0,1.0,1.0,1.0,1.0,1.0,1.0,1.0,15.0,1.0,20.0,20.0,20.0,20.0,20.0,20.0,20.0,20.0,1.0,1.0,1.0,1.0,10.0,10.0,1.0,1.0,1.0,10.0,1.0,1.0,15.0,1.0,1.0,1.0,10.0,1.0,20.0,20.0,20.0,20.0,20.0,20.0,20.0,20.0,20.0,20.0,1.0,1.0,1.0,15.0,15.0,15.0,10.0,15.0,1.0,1.0,1.0,1.0,1.0,1.0,1.0,1.0,1.0,1.0,1.0
1.0,10.0,1.0,1.0,15.0,15.0,15.0,15.0,15.0,15.0,1.0,1.0,1.0,1.0,10.0,10.0,1.0,1.0,1.0,1.0,1.0,1.0,1.0,15.0,1.0,20.0,20.0,20.0,20.0,20.0,20.0,20.0,20.0,1.0,1.0,1.0,1.0,10.0,1.0,1.0,1.0,1.0,10.0,1.0,1.0,15.0,1.0,1.0,10.0,10.0,1.0,20.0,20.0,20.0,20.0,20.0,1.0,1.0,20.0,1.0,20.0,1.0,1.0,1.0,1.0,1.0,1.0,1.0,10.0,15.0,15.0,15.0,1.0,10.0,10.0,1.0,1.0,1.0,1.0,1.0
1.0,10.0,10.0,10.0,10.0,10.0,1.0,1.0,1.0,1.0,15.0,15.0,1.0,1.0,1.0,10.0,10.0,1.0,1.0,1.0,1.0,1.0,1.0,15.0,1.0,20.0,20.0,20.0,20.0,20.0,20.0,20.0,1.0,1.0,1.0,1.0,1.0,10.0,1.0,1.0,1.0,10.0,1.0,1.0,1.0,15.0,1.0,1.0,10.0,1.0,1.0,20.0,20.0,20.0,20.0,20.0,1.0,1.0,20.0,1.0,20.0,1.0,1.0,1.0,1.0,1.0,1.0,1.0,10.0,1.0,1.0,1.0,15.0,15.0,1.0,10.0,10.0,1.0,1.0,1.0
1.0,1.0,1.0,1.0,1.0,1.0,10.0,1.0,1.0,1.0,1.0,15.0,15.0,15.0,1.0,1.0,10.0,1.0,1.0,1.0,1.0,1.0,1.0,15.0,1.0,20.0,20.0,20.0,20.0,20.0,20.0,20.0,20.0,1.0,1.0,1.0,1.0,10.0,1.0,1.0,10.0,10.0,1.0,1.0,1.0,15.0,1.0,1.0,10.0,1.0,1.0,20.0,20.0,20.0,20.0,20.0,1.0,20.0,20.0,1.0,20.0,20.0,1.0,1.0,1.0,1.0,1.0,1.0,1.0,1.0,1.0,1.0,1.0,15.0,1.0,1.0,1.0,10.0,10.0,1.0
1.0,1.0,1.0,1.0,20.0,20.0,20.0,20.0,20.0,20.0,20.0,20.0,20.0,15.0,15.0,1.0,1.0,10.0,1.0,1.0,1.0,1.0,1.0,15.0,1.0,20.0,20.0,20.0,20.0,20.0,20.0,20.0,20.0,1.0,1.0,1.0,10.0,1.0,1.0,10.0,10.0,1.0,1.0,1.0,1.0,15.0,1.0,1.0,10.0,1.0,1.0,20.0,20.0,20.0,20.0,20.0,1.0,20.0,1.0,1.0,1.0,20.0,1.0,1.0,1.0,1.0,1.0,1.0,1.0,1.0,1.0,1.0,1.0,15.0,1.0,1.0,1.0,1.0,10.0,1.0
10.0,1.0,1.0,1.0,20.0,20.0,20.0,20.0,20.0,20.0,20.0,20.0,20.0,20.0,15.0,15.0,1.0,10.0,1.0,1.0,1.0,1.0,15.0,15.0,1.0,20.0,20.0,20.0,20.0,20.0,20.0,20.0,20.0,1.0,1.0,10.0,10.0,1.0,10.0,10.0,1.0,1.0,1.0,1.0,1.0,15.0,1.0,1.0,10.0,1.0,1.0,20.0,20.0,20.0,20.0,1.0,20.0,20.0,1.0,1.0,1.0,20.0,1.0,1.0,1.0,1.0,20.0,20.0,20.0,20.0,20.0,20.0,20.0,15.0,1.0,1.0,1.0,1.0,10.0,1.0
1.0,10.0,1.0,1.0,20.0,20.0,20.0,20.0,20.0,20.0,20.0,20.0,20.0,20.0,20.0,15.0,15.0,1.0,10.0,1.0,1.0,1.0,15.0,1.0,1.0,20.0,20.0,20.0,20.0,20.0,20.0,20.0,20.0,10.0,10.0,1.0,1.0,10.0,1.0,1.0,1.0,1.0,1.0,1.0,1.0,15.0,1.0,1.0,1.0,1.0,1.0,20.0,20.0,20.0,20.0,1.0,20.0,1.0,1.0,1.0,1.0,20.0,1.0,1.0,1.0,1.0,20.0,1.0,1.0,1.0,1.0,1.0,20.0,15.0,1.0,1.0,1.0,1.0,10.0,1.0
20.0,20.0,20.0,20.0,20.0,20.0,20.0,20.0,20.0,20.0,20.0,20.0,20.0,20.0,20.0,1.0,1.0,15.0,10.0,10.0,1.0,1.0,15.0,1.0,1.0,1.0,20.0,20.0,1.0,1.0,1.0,1.0,1.0,10.0,1.0,1.0,1.0,1.0,1.0,1.0,1.0,1.0,1.0,1.0,1.0,15.0,1.0,1.0,10.0,1.0,1.0,1.0,20.0,20.0,20.0,1.0,20.0,1.0,1.0,1.0,1.0,20.0,1.0,1.0,1.0,1.0,20.0,1.0,1.0,1.0,1.0,1.0,20.0,15.0,1.0,1.0,1.0,1.0,10.0,1.0
20.0,20.0,20.0,20.0,20.0,20.0,20.0,20.0,20.0,20.0,20.0,20.0,20.0,20.0,20.0,1.0,1.0,15.0,1.0,10.0,1.0,1.0,15.0,1.0,10.0,1.0,1.0,1.0,1.0,1.0,1.0,1.0,10.0,1.0,1.0,1.0,1.0,1.0,1.0,1.0,1.0,1.0,1.0,1.0,1.0,15.0,1.0,1.0,10.0,1.0,1.0,1.0,20.0,20.0,20.0,20.0,1.0,1.0,1.0,1.0,1.0,20.0,20.0,20.0,20.0,20.0,1.0,1.0,1.0,1.0,1.0,1.0,20.0,15.0,1.0,1.0,1.0,1.0,1.0,10.0
20.0,20.0,20.0,20.0,20.0,20.0,20.0,20.0,20.0,20.0,20.0,20.0,20.0,20.0,1.0,1.0,1.0,15.0,1.0,10.0,1.0,1.0,15.0,1.0,10.0,10.0,10.0,10.0,10.0,10.0,10.0,10.0,10.0,1.0,1.0,10.0,10.0,10.0,10.0,10.0,10.0,1.0,1.0,1.0,1.0,15.0,1.0,1.0,10.0,1.0,1.0,1.0,20.0,20.0,20.0,20.0,20.0,1.0,1.0,1.0,1.0,1.0,1.0,1.0,1.0,1.0,1.0,1.0,1.0,1.0,1.0,1.0,20.0,15.0,1.0,1.0,1.0,1.0,1.0,10.0
20.0,20.0,20.0,20.0,20.0,20.0,20.0,20.0,20.0,20.0,20.0,20.0,20.0,1.0,1.0,1.0,1.0,15.0,1.0,10.0,1.0,1.0,15.0,1.0,1.0,1.0,1.0,1.0,1.0,1.0,1.0,1.0,1.0,1.0,1.0,1.0,1.0,1.0,1.0,1.0,10.0,10.0,10.0,1.0,1.0,15.0,1.0,1.0,10.0,1.0,1.0,20.0,20.0,20.0,20.0,1.0,20.0,1.0,1.0,1.0,1.0,1.0,1.0,1.0,1.0,1.0,1.0,20.0,20.0,20.0,1.0,1.0,20.0,15.0,1.0,1.0,1.0,1.0,1.0,10.0
20.0,20.0,20.0,20.0,20.0,20.0,20.0,20.0,20.0,20.0,20.0,20.0,20.0,1.0,1.0,1.0,1.0,15.0,1.0,10.0,1.0,1.0,15.0,1.0,1.0,15.0,15.0,15.0,15.0,15.0,15.0,15.0,15.0,15.0,15.0,15.0,1.0,1.0,1.0,1.0,1.0,1.0,10.0,1.0,1.0,15.0,1.0,1.0,10.0,1.0,1.0,20.0,20.0,20.0,20.0,1.0,1.0,20.0,20.0,1.0,1.0,1.0,1.0,20.0,20.0,20.0,20.0,1.0,1.0,20.0,1.0,1.0,20.0,15.0,15.0,1.0,1.0,1.0,1.0,10.0
20.0,20.0,20.0,20.0,20.0,20.0,20.0,20.0,20.0,20.0,20.0,20.0,1.0,1.0,10.0,1.0,1.0,15.0,1.0,10.0,1.0,1.0,1.0,15.0,15.0,15.0,1.0,1.0,1.0,1.0,1.0,1.0,1.0,1.0,1.0,15.0,15.0,15.0,15.0,15.0,1.0,1.0,10.0,1.0,1.0,15.0,1.0,1.0,10.0,1.0,1.0,1.0,20.0,20.0,20.0,1.0,1.0,1.0,1.0,20.0,20.0,1.0,1.0,1.0,1.0,1.0,1.0,1.0,1.0,20.0,20.0,1.0,20.0,1.0,15.0,1.0,1.0,1.0,1.0,10.0
20.0,20.0,20.0,20.0,20.0,20.0,20.0,20.0,20.0,20.0,20.0,20.0,1.0,1.0,10.0,1.0,1.0,15.0,1.0,10.0,1.0,1.0,1.0,1.0,1.0,1.0,1.0,1.0,1.0,1.0,1.0,1.0,1.0,1.0,1.0,1.0,1.0,1.0,1.0,15.0,15.0,1.0,10.0,1.0,1.0,15.0,1.0,1.0,10.0,1.0,1.0,1.0,20.0,20.0,20.0,1.0,10.0,1.0,1.0,1.0,1.0,1.0,20.0,20.0,20.0,1.0,1.0,1.0,1.0,1.0,20.0,20.0,20.0,1.0,15.0,1.0,1.0,1.0,1.0,10.0
20.0,20.0,20.0,20.0,20.0,20.0,20.0,20.0,20.0,20.0,20.0,20.0,1.0,10.0,1.0,1.0,1.0,15.0,1.0,10.0,1.0,1.0,1.0,1.0,1.0,1.0,1.0,1.0,1.0,1.0,1.0,1.0,1.0,1.0,1.0,1.0,1.0,1.0,1.0,1.0,15.0,1.0,10.0,1.0,1.0,15.0,1.0,1.0,10.0,1.0,1.0,1.0,20.0,20.0,20.0,1.0,10.0,1.0,1.0,20.0,1.0,1.0,1.0,1.0,20.0,1.0,1.0,1.0,1.0,1.0,1.0,20.0,20.0,1.0,15.0,15.0,1.0,1.0,1.0,10.0
20.0,20.0,20.0,20.0,20.0,20.0,20.0,20.0,20.0,20.0,20.0,1.0,1.0,10.0,1.0,1.0,15.0,15.0,1.0,10.0,1.0,10.0,1.0,1.0,1.0,1.0,1.0,1.0,1.0,1.0,1.0,1.0,1.0,1.0,1.0,1.0,1.0,1.0,10.0,1.0,15.0,1.0,10.0,1.0,1.0,15.0,1.0,1.0,10.0,1.0,1.0,1.0,20.0,20.0,20.0,1.0,1.0,1.0,1.0,20.0,1.0,20.0,20.0,20.0,1.0,1.0,1.0,1.0,1.0,1.0,1.0,20.0,20.0,1.0,1.0,15.0,1.0,1.0,1.0,10.0
20.0,20.0,20.0,20.0,20.0,20.0,20.0,20.0,20.0,20.0,1.0,1.0,1.0,10.0,1.0,1.0,15.0,15.0,1.0,10.0,1.0,10.0,1.0,1.0,1.0,1.0,1.0,1.0,1.0,1.0,1.0,1.0,1.0,1.0,1.0,1.0,1.0,1.0,10.0,1.0,15.0,1.0,10.0,1.0,1.0,15.0,1.0,1.0,10.0,1.0,1.0,1.0,20.0,20.0,20.0,1.0,1.0,1.0,1.0,20.0,20.0,20.0,1.0,20.0,20.0,1.0,20.0,1.0,1.0,20.0,20.0,20.0,20.0,1.0,10.0,15.0,15.0,1.0,1.0,10.0
20.0,20.0,20.0,20.0,20.0,20.0,20.0,20.0,20.0,20.0,1.0,1.0,10.0,1.0,1.0,1.0,1.0,15.0,1.0,10.0,1.0,10.0,1.0,20.0,20.0,20.0,20.0,20.0,20.0,20.0,20.0,20.0,20.0,1.0,1.0,1.0,1.0,1.0,10.0,1.0,15.0,1.0,10.0,1.0,1.0,15.0,1.0,1.0,10.0,1.0,1.0,1.0,20.0,20.0,20.0,1.0,1.0,1.0,1.0,20.0,1.0,1.0,1.0,1.0,1.0,1.0,1.0,1.0,1.0,1.0,20.0,20.0,20.0,1.0,10.0,1.0,15.0,1.0,1.0,10.0
20.0,20.0,20.0,20.0,20.0,20.0,20.0,20.0,20.0,1.0,1.0,10.0,1.0,1.0,1.0,1.0,15.0,1.0,1.0,10.0,1.0,10.0,1.0,1.0,20.0,20.0,20.0,20.0,20.0,20.0,20.0,20.0,20.0,1.0,1.0,1.0,1.0,1.0,10.0,1.0,15.0,1.0,10.0,1.0,1.0,15.0,1.0,1.0,10.0,1.0,1.0,1.0,20.0,20.0,20.0,1.0,1.0,1.0,1.0,1.0,1.0,1.0,1.0,1.0,1.0,1.0,1.0,20.0,20.0,20.0,20.0,1.0,20.0,20.0,1.0,10.0,1.0,15.0,1.0,1.0
20.0,20.0,20.0,20.0,20.0,20.0,20.0,20.0,1.0,1.0,1.0,10.0,1.0,1.0,1.0,15.0,15.0,1.0,10.0,1.0,1.0,10.0,1.0,1.0,20.0,20.0,20.0,20.0,20.0,20.0,20.0,20.0,20.0,1.0,1.0,1.0,10.0,1.0,1.0,1.0,15.0,1.0,10.0,1.0,1.0,15.0,1.0,1.0,10.0,1.0,1.0,1.0,20.0,20.0,20.0,1.0,1.0,1.0,1.0,20.0,20.0,20.0,20.0,20.0,20.0,20.0,20.0,1.0,1.0,1.0,1.0,1.0,1.0,20.0,1.0,10.0,1.0,15.0,1.0,1.0
20.0,20.0,20.0,20.0,20.0,20.0,20.0,20.0,1.0,1.0,1.0,10.0,1.0,1.0,1.0,15.0,15.0,1.0,10.0,1.0,1.0,10.0,1.0,1.0,20.0,20.0,20.0,20.0,20.0,20.0,20.0,20.0,20.0,1.0,1.0,1.0,10.0,1.0,1.0,1.0,15.0,1.0,10.0,1.0,15.0,15.0,1.0,1.0,10.0,1.0,1.0,1.0,20.0,20.0,20.0,20.0,1.0,20.0,20.0,20.0,1.0,1.0,1.0,1.0,1.0,1.0,1.0,1.0,1.0,1.0,1.0,1.0,1.0,20.0,1.0,10.0,10.0,15.0,15.0,1.0
20.0,20.0,20.0,20.0,20.0,20.0,20.0,1.0,1.0,1.0,10.0,10.0,1.0,1.0,1.0,15.0,1.0,10.0,10.0,1.0,1.0,10.0,1.0,1.0,20.0,20.0,20.0,20.0,20.0,20.0,20.0,20.0,20.0,1.0,1.0,1.0,10.0,1.0,1.0,1.0,15.0,1.0,10.0,1.0,15.0,1.0,1.0,1.0,10.0,1.0,1.0,20.0,20.0,20.0,20.0,1.0,1.0,1.0,20.0,1.0,1.0,1.0,1.0,20.0,20.0,20.0,20.0,20.0,1.0,1.0,1.0,1.0,1.0,20.0,1.0,1.0,10.0,1.0,15.0,1.0
20.0,20.0,20.0,20.0,20.0,20.0,1.0,1.0,1.0,1.0,10.0,1.0,1.0,1.0,15.0,1.0,1.0,10.0,1.0,1.0,1.0,10.0,1.0,1.0,20.0,20.0,20.0,20.0,20.0,20.0,20.0,20.0,20.0,1.0,1.0,10.0,1.0,10.0,1.0,1.0,15.0,1.0,10.0,1.0,15.0,1.0,1.0,1.0,10.0,1.0,1.0,20.0,20.0,20.0,20.0,1.0,20.0,20.0,1.0,1.0,1.0,1.0,1.0,1.0,1.0,1.0,20.0,1.0,20.0,1.0,1.0,1.0,1.0,20.0,20.0,1.0,10.0,1.0,15.0,1.0
20.0,20.0,20.0,20.0,20.0,20.0,1.0,1.0,1.0,10.0,10.0,1.0,1.0,15.0,15.0,1.0,10.0,10.0,1.0,1.0,1.0,10.0,1.0,1.0,20.0,20.0,20.0,20.0,20.0,20.0,20.0,20.0,20.0,1.0,1.0,10.0,1.0,10.0,1.0,1.0,15.0,1.0,10.0,1.0,15.0,1.0,1.0,1.0,1.0,1.0,1.0,20.0,20.0,20.0,20.0,1.0,1.0,20.0,20.0,20.0,20.0,20.0,1.0,20.0,20.0,20.0,1.0,1.0,1.0,20.0,1.0,1.0,1.0,1.0,20.0,1.0,10.0,1.0,15.0,1.0
20.0,20.0,20.0,20.0,20.0,20.0,1.0,1.0,1.0,10.0,1.0,1.0,15.0,15.0,1.0,1.0,10.0,1.0,1.0,1.0,1.0,10.0,1.0,1.0,20.0,20.0,20.0,20.0,20.0,20.0,20.0,20.0,20.0,1.0,1.0,10.0,1.0,1.0,1.0,1.0,15.0,1.0,10.0,1.0,15.0,1.0,1.0,1.0,10.0,1.0,1.0,20.0,20.0,20.0,20.0,1.0,1.0,20.0,20.0,20.0,20.0,1.0,1.0,1.0,1.0,1.0,1.0,1.0,1.0,1.0,20.0,1.0,1.0,1.0,20.0,1.0,10.0,1.0,15.0,1.0
20.0,20.0,20.0,20.0,20.0,20.0,1.0,1.0,10.0,1.0,15.0,15.0,1.0,1.0,1.0,10.0,10.0,1.0,1.0,1.0,1.0,10.0,1.0,1.0,20.0,20.0,20.0,20.0,20.0,20.0,20.0,20.0,20.0,1.0,1.0,10.0,1.0,10.0,1.0,1.0,15.0,1.0,10.0,1.0,15.0,1.0,1.0,1.0,10.0,1.0,1.0,20.0,20.0,1.0,20.0,1.0,1.0,20.0,20.0,1.0,1.0,20.0,20.0,1.0,1.0,1.0,1.0,1.0,1.0,1.0,20.0,1.0,1.0,1.0,20.0,1.0,10.0,1.0,15.0,1.0
20.0,20.0,20.0,20.0,20.0,20.0,1.0,1.0,10.0,15.0,1.0,1.0,1.0,1.0,1.0,10.0,1.0,1.0,1.0,1.0,10.0,10.0,1.0,1.0,20.0,20.0,20.0,20.0,20.0,20.0,20.0,20.0,20.0,1.0,1.0,10.0,1.0,10.0,1.0,1.0,15.0,1.0,10.0,1.0,15.0,1.0,1.0,1.0,1.0,1.0,1.0,20.0,20.0,1.0,20.0,1.0,1.0,20.0,20.0,1.0,20.0,20.0,20.0,1.0,1.0,1.0,1.0,1.0,1.0,1.0,20.0,1.0,1.0,1.0,20.0,1.0,10.0,1.0,15.0,1.0
20.0,20.0,20.0,20.0,20.0,20.0,1.0,10.0,10.0,15.0,1.0,1.0,1.0,1.0,1.0,10.0,1.0,1.0,1.0,1.0,10.0,1.0,1.0,1.0,20.0,20.0,20.0,20.0,20.0,20.0,20.0,20.0,20.0,1.0,1.0,1.0,1.0,10.0,1.0,1.0,15.0,1.0,10.0,1.0,15.0,1.0,1.0,1.0,10.0,1.0,1.0,20.0,20.0,1.0,20.0,1.0,1.0,20.0,20.0,20.0,20.0,20.0,1.0,20.0,1.0,1.0,1.0,20.0,1.0,20.0,20.0,20.0,1.0,20.0,20.0,1.0,10.0,15.0,15.0,1.0
1.0,1.0,1.0,1.0,1.0,1.0,1.0,10.0,1.0,15.0,1.0,1.0,1.0,1.0,1.0,10.0,1.0,1.0,1.0,10.0,1.0,1.0,1.0,1.0,20.0,20.0,20.0,20.0,20.0,20.0,20.0,20.0,20.0,1.0,1.0,10.0,1.0,10.0,1.0,1.0,15.0,1.0,10.0,1.0,15.0,1.0,1.0,1.0,1.0,1.0,1.0,20.0,20.0,1.0,20.0,1.0,1.0,20.0,20.0,1.0,1.0,1.0,1.0,1.0,20.0,20.0,20.0,20.0,20.0,20.0,20.0,20.0,20.0,20.0,1.0,10.0,10.0,15.0,1.0,1.0
1.0,1.0,1.0,1.0,1.0,1.0,1.0,10.0,1.0,15.0,15.0,1.0,1.0,1.0,1.0,10.0,1.0,1.0,10.0,10.0,1.0,1.0,1.0,1.0,20.0,20.0,20.0,20.0,20.0,20.0,20.0,20.0,20.0,1.0,1.0,1.0,1.0,10.0,1.0,1.0,15.0,10.0,10.0,1.0,15.0,1.0,1.0,1.0,10.0,1.0,1.0,20.0,20.0,1.0,20.0,1.0,1.0,20.0,20.0,20.0,1.0,1.0,1.0,1.0,20.0,1.0,1.0,1.0,1.0,1.0,1.0,1.0,1.0,1.0,10.0,10.0,15.0,15.0,1.0,1.0
1.0,1.0,10.0,1.0,1.0,1.0,10.0,10.0,1.0,1.0,15.0,1.0,1.0,1.0,10.0,10.0,1.0,1.0,10.0,1.0,1.0,1.0,1.0,1.0,20.0,20.0,20.0,20.0,20.0,20.0,20.0,20.0,20.0,1.0,1.0,10.0,1.0,10.0,1.0,1.0,15.0,10.0,1.0,1.0,15.0,1.0,1.0,1.0,10.0,1.0,1.0,20.0,20.0,20.0,20.0,1.0,1.0,1.0,20.0,20.0,20.0,20.0,1.0,1.0,20.0,1.0,1.0,1.0,1.0,1.0,1.0,1.0,1.0,10.0,10.0,15.0,15.0,1.0,1.0,1.0
1.0,10.0,1.0,1.0,1.0,1.0,10.0,1.0,1.0,1.0,15.0,1.0,1.0,1.0,10.0,1.0,1.0,1.0,10.0,1.0,1.0,1.0,1.0,20.0,20.0,20.0,20.0,20.0,20.0,20.0,20.0,20.0,20.0,1.0,1.0,1.0,1.0,10.0,1.0,1.0,15.0,10.0,1.0,1.0,15.0,1.0,1.0,10.0,1.0,1.0,1.0,20.0,1.0,1.0,20.0,1.0,1.0,1.0,20.0,20.0,20.0,20.0,20.0,1.0,20.0,1.0,1.0,1.0,1.0,1.0,1.0,1.0,1.0,10.0,1.0,15.0,1.0,1.0,1.0,1.0
1.0,10.0,1.0,1.0,1.0,10.0,10.0,1.0,1.0,1.0,15.0,1.0,1.0,1.0,10.0,1.0,1.0,10.0,10.0,20.0,20.0,20.0,20.0,20.0,20.0,20.0,20.0,20.0,20.0,20.0,20.0,20.0,20.0,1.0,1.0,10.0,1.0,10.0,1.0,1.0,15.0,10.0,1.0,15.0,1.0,1.0,1.0,1.0,1.0,1.0,1.0,20.0,20.0,20.0,20.0,20.0,1.0,1.0,1.0,1.0,1.0,1.0,1.0,1.0,20.0,1.0,1.0,1.0,1.0,1.0,1.0,1.0,10.0,10.0,1.0,15.0,15.0,15.0,1.0,1.0
1.0,10.0,1.0,1.0,1.0,10.0,1.0,1.0,1.0,15.0,15.0,1.0,1.0,1.0,10.0,1.0,1.0,10.0,1.0,20.0,20.0,20.0,20.0,20.0,20.0,20.0,20.0,20.0,20.0,20.0,20.0,20.0,20.0,20.0,1.0,10.0,1.0,10.0,1.0,1.0,15.0,10.0,1.0,15.0,1.0,1.0,1.0,10.0,1.0,1.0,1.0,1.0,1.0,1.0,1.0,20.0,20.0,20.0,1.0,1.0,1.0,1.0,1.0,1.0,20.0,20.0,1.0,1.0,1.0,1.0,1.0,10.0,10.0,1.0,1.0,1.0,1.0,15.0,15.0,1.0
1.0,1.0,1.0,1.0,10.0,10.0,1.0,1.0,1.0,15.0,1.0,1.0,1.0,10.0,1.0,1.0,1.0,10.0,1.0,20.0,20.0,20.0,20.0,20.0,20.0,20.0,20.0,20.0,20.0,20.0,20.0,20.0,20.0,20.0,1.0,10.0,1.0,10.0,1.0,1.0,15.0,10.0,1.0,15.0,1.0,1.0,1.0,10.0,1.0,1.0,1.0,1.0,1.0,1.0,1.0,1.0,1.0,20.0,20.0,20.0,1.0,1.0,1.0,1.0,20.0,20.0,10.0,10.0,10.0,10.0,10.0,10.0,1.0,1.0,1.0,1.0,1.0,1.0,15.0,1.0
1.0,1.0,1.0,1.0,10.0,1.0,1.0,15.0,15.0,1.0,1.0,1.0,1.0,10.0,1.0,1.0,1.0,10.0,1.0,20.0,20.0,20.0,20.0,20.0,20.0,20.0,20.0,20.0,20.0,20.0,20.0,20.0,20.0,20.0,1.0,10.0,1.0,10.0,1.0,1.0,15.0,10.0,1.0,15.0,1.0,1.0,1.0,1.0,1.0,1.0,1.0,1.0,1.0,1.0,1.0,1.0,1.0,1.0,1.0,20.0,20.0,20.0,20.0,20.0,20.0,10.0,10.0,1.0,1.0,1.0,1.0,1.0,1.0,1.0,1.0,15.0,15.0,15.0,15.0,1.0
10.0,1.0,1.0,10.0,10.0,1.0,1.0,15.0,1.0,1.0,1.0,1.0,1.0,10.0,1.0,1.0,10.0,10.0,1.0,20.0,20.0,20.0,20.0,20.0,20.0,20.0,20.0,20.0,20.0,20.0,20.0,20.0,20.0,20.0,1.0,10.0,1.0,10.0,1.0,1.0,15.0,10.0,10.0,15.0,1.0,1.0,1.0,10.0,1.0,20.0,20.0,20.0,20.0,20.0,20.0,20.0,20.0,1.0,1.0,1.0,1.0,1.0,1.0,10.0,10.0,1.0,1.0,15.0,15.0,15.0,15.0,15.0,15.0,15.0,15.0,1.0,1.0,1.0,1.0,1.0
10.0,1.0,1.0,10.0,1.0,1.0,1.0,15.0,1.0,1.0,1.0,1.0,10.0,1.0,1.0,1.0,10.0,1.0,1.0,20.0,20.0,20.0,20.0,20.0,20.0,20.0,20.0,20.0,20.0,20.0,20.0,20.0,20.0,20.0,1.0,1.0,1.0,10.0,1.0,1.0,15.0,1.0,1.0,15.0,1.0,1.0,1.0,10.0,1.0,20.0,20.0,20.0,20.0,20.0,20.0,20.0,20.0,1.0,1.0,1.0,1.0,1.0,10.0,10.0,1.0,15.0,15.0,15.0,1.0,1.0,1.0,1.0,1.0,1.0,1.0,1.0,1.0,1.0,1.0,1.0
10.0,1.0,1.0,10.0,1.0,1.0,1.0,15.0,1.0,1.0,1.0,1.0,10.0,1.0,1.0,1.0,10.0,1.0,1.0,20.0,20.0,20.0,20.0,20.0,20.0,20.0,20.0,20.0,20.0,20.0,20.0,20.0,20.0,20.0,1.0,1.0,1.0,10.0,1.0,1.0,15.0,1.0,1.0,15.0,1.0,1.0,10.0,1.0,1.0,1.0,20.0,20.0,20.0,20.0,20.0,20.0,20.0,1.0,1.0,1.0,1.0,10.0,10.0,1.0,1.0,15.0,1.0,1.0,20.0,20.0,20.0,1.0,1.0,1.0,1.0,1.0,1.0,1.0,1.0,1.0
10.0,1.0,1.0,10.0,1.0,1.0,1.0,15.0,1.0,1.0,1.0,10.0,1.0,1.0,1.0,1.0,10.0,1.0,1.0,20.0,20.0,20.0,20.0,20.0,20.0,20.0,20.0,20.0,20.0,20.0,20.0,20.0,20.0,20.0,1.0,1.0,1.0,10.0,1.0,1.0,15.0,1.0,1.0,15.0,1.0,1.0,10.0,1.0,1.0,1.0,20.0,20.0,20.0,20.0,20.0,20.0,20.0,1.0,1.0,1.0,10.0,10.0,1.0,1.0,15.0,15.0,1.0,20.0,20.0,1.0,1.0,20.0,20.0,20.0,20.0,20.0,20.0,20.0,20.0,1.0
1.0,1.0,1.0,10.0,1.0,1.0,1.0,15.0,1.0,1.0,1.0,10.0,1.0,1.0,1.0,1.0,10.0,1.0,1.0,20.0,20.0,20.0,20.0,20.0,20.0,20.0,20.0,20.0,20.0,20.0,20.0,20.0,20.0,1.0,1.0,1.0,1.0,1.0,1.0,1.0,15.0,1.0,1.0,15.0,1.0,1.0,10.0,1.0,1.0,1.0,20.0,20.0,20.0,20.0,20.0,1.0,1.0,10.0,1.0,10.0,10.0,1.0,1.0,1.0,15.0,1.0,1.0,20.0,20.0,1.0,20.0,20.0,20.0,1.0,1.0,1.0,1.0,1.0,20.0,20.0
10.0,1.0,1.0,10.0,1.0,1.0,15.0,1.0,1.0,1.0,1.0,10.0,1.0,1.0,1.0,1.0,10.0,1.0,20.0,20.0,20.0,20.0,20.0,20.0,20.0,20.0,20.0,20.0,20.0,20.0,20.0,20.0,20.0,20.0,20.0,20.0,20.0,20.0,1.0,1.0,15.0,15.0,1.0,15.0,1.0,1.0,10.0,1.0,1.0,1.0,20.0,20.0,20.0,20.0,20.0,1.0,1.0,10.0,1.0,10.0,1.0,1.0,1.0,15.0,1.0,1.0,1.0,20.0,20.0,20.0,20.0,20.0,20.0,20.0,20.0,20.0,20.0,20.0,20.0,20.0
1.0,1.0,1.0,10.0,1.0,15.0,15.0,1.0,1.0,1.0,1.0,10.0,1.0,1.0,1.0,1.0,10.0,1.0,20.0,20.0,20.0,20.0,20.0,20.0,20.0,20.0,20.0,20.0,20.0,20.0,20.0,20.0,20.0,20.0,20.0,20.0,20.0,20.0,1.0,1.0,1.0,15.0,15.0,15.0,1.0,10.0,1.0,1.0,1.0,20.0,20.0,20.0,20.0,20.0,20.0,1.0,1.0,10.0,1.0,10.0,1.0,1.0,1.0,15.0,1.0,1.0,1.0,1.0,20.0,20.0,20.0,20.0,20.0,20.0,20.0,20.0,20.0,20.0,20.0,20.0
10.0,1.0,1.0,10.0,1.0,15.0,1.0,1.0,1.0,1.0,1.0,10.0,1.0,1.0,1.0,1.0,10.0,1.0,20.0,20.0,20.0,20.0,20.0,20.0,20.0,20.0,20.0,20.0,20.0,20.0,20.0,20.0,20.0,20.0,20.0,20.0,20.0,20.0,1.0,1.0,1.0,1.0,15.0,15.0,1.0,10.0,1.0,1.0,1.0,20.0,20.0,20.0,20.0,20.0,20.0,1.0,1.0,10.0,1.0,10.0,1.0,1.0,1.0,15.0,1.0,1.0,1.0,20.0,20.0,20.0,1.0,20.0,20.0,20.0,20.0,20.0,20.0,20.0,1.0,20.0
10.0,1.0,1.0,10.0,1.0,15.0,1.0,1.0,1.0,1.0,1.0,1.0,10.0,1.0,1.0,1.0,10.0,10.0,20.0,20.0,20.0,20.0,20.0,20.0,20.0,20.0,20.0,20.0,20.0,20.0,20.0,20.0,20.0,20.0,20.0,20.0,20.0,20.0,1.0,1.0,1.0,1.0,1.0,1.0,10.0,10.0,1.0,1.0,1.0,20.0,20.0,20.0,20.0,20.0,20.0,1.0,1.0,1.0,1.0,10.0,1.0,1.0,1.0,15.0,1.0,1.0,1.0,20.0,20.0,20.0,20.0,20.0,20.0,20.0,20.0,20.0,20.0,20.0,20.0,1.0
10.0,1.0,1.0,10.0,1.0,1.0,15.0,1.0,1.0,1.0,1.0,1.0,1.0,10.0,1.0,1.0,1.0,10.0,20.0,20.0,20.0,20.0,20.0,20.0,20.0,20.0,20.0,20.0,1.0,1.0,1.0,1.0,1.0,1.0,1.0,20.0,20.0,20.0,1.0,1.0,1.0,1.0,1.0,1.0,10.0,1.0,1.0,1.0,1.0,1.0,1.0,1.0,1.0,20.0,20.0,1.0,1.0,1.0,1.0,10.0,1.0,1.0,1.0,15.0,1.0,1.0,1.0,20.0,1.0,20.0,20.0,20.0,20.0,20.0,1.0,20.0,20.0,20.0,20.0,1.0
10.0,1.0,1.0,10.0,1.0,1.0,15.0,15.0,1.0,1.0,1.0,1.0,1.0,10.0,10.0,10.0,1.0,1.0,1.0,1.0,1.0,1.0,1.0,1.0,1.0,1.0,20.0,1.0,20.0,20.0,20.0,1.0,20.0,20.0,20.0,20.0,20.0,20.0,1.0,1.0,1.0,1.0,1.0,1.0,1.0,1.0,1.0,1.0,1.0,1.0,1.0,1.0,1.0,1.0,1.0,1.0,1.0,1.0,1.0,10.0,1.0,1.0,1.0,15.0,1.0,1.0,1.0,20.0,1.0,20.0,1.0,20.0,20.0,20.0,20.0,20.0,20.0,1.0,20.0,1.0
10.0,1.0,1.0,10.0,10.0,1.0,1.0,15.0,1.0,1.0,1.0,1.0,1.0,1.0,1.0,10.0,10.0,10.0,1.0,1.0,1.0,10.0,10.0,1.0,1.0,1.0,20.0,1.0,20.0,20.0,20.0,20.0,20.0,1.0,20.0,20.0,20.0,20.0,1.0,1.0,1.0,1.0,1.0,1.0,1.0,1.0,1.0,10.0,1.0,1.0,1.0,1.0,1.0,1.0,1.0,1.0,1.0,1.0,1.0,10.0,1.0,1.0,1.0,15.0,1.0,1.0,1.0,20.0,1.0,20.0,1.0,20.0,1.0,1.0,20.0,20.0,20.0,20.0,20.0,1.0
10.0,1.0,1.0,1.0,10.0,1.0,1.0,1.0,15.0,15.0,1.0,1.0,1.0,1.0,1.0,1.0,1.0,1.0,10.0,10.0,1.0,1.0,1.0,10.0,10.0,1.0,20.0,1.0,1.0,20.0,20.0,20.0,20.0,20.0,1.0,20.0,20.0,20.0,1.0,1.0,1.0,1.0,1.0,1.0,1.0,1.0,1.0,1.0,10.0,10.0,1.0,1.0,1.0,1.0,1.0,1.0,1.0,10.0,10.0,10.0,1.0,1.0,1.0,15.0,15.0,1.0,1.0,1.0,20.0,20.0,1.0,20.0,20.0,20.0,20.0,20.0,20.0,20.0,20.0,1.0
10.0,1.0,1.0,1.0,10.0,10.0,1.0,1.0,1.0,15.0,15.0,15.0,15.0,1.0,1.0,1.0,1.0,1.0,1.0,1.0,10.0,10.0,1.0,1.0,10.0,1.0,20.0,1.0,20.0,20.0,20.0,20.0,20.0,20.0,20.0,20.0,20.0,1.0,1.0,1.0,10.0,1.0,1.0,1.0,1.0,1.0,1.0,1.0,1.0,10.0,10.0,1.0,1.0,1.0,10.0,10.0,10.0,1.0,1.0,1.0,1.0,1.0,1.0,1.0,15.0,1.0,1.0,1.0,1.0,20.0,20.0,20.0,20.0,20.0,20.0,20.0,1.0,1.0,1.0,1.0
10.0,1.0,1.0,1.0,1.0,1.0,10.0,1.0,1.0,1.0,1.0,1.0,15.0,15.0,15.0,1.0,15.0,1.0,1.0,1.0,1.0,10.0,1.0,1.0,1.0,10.0,20.0,1.0,20.0,20.0,1.0,20.0,1.0,20.0,1.0,1.0,1.0,1.0,1.0,1.0,1.0,1.0,1.0,1.0,1.0,1.0,1.0,1.0,1.0,1.0,1.0,10.0,10.0,10.0,10.0,1.0,1.0,1.0,1.0,1.0,1.0,1.0,1.0,1.0,15.0,15.0,1.0,1.0,1.0,1.0,1.0,20.0,20.0,1.0,1.0,1.0,1.0,1.0,1.0,1.0
10.0,1.0,1.0,1.0,1.0,1.0,10.0,10.0,10.0,1.0,1.0,1.0,1.0,1.0,1.0,1.0,1.0,15.0,15.0,15.0,1.0,10.0,10.0,1.0,1.0,10.0,20.0,1.0,20.0,20.0,20.0,20.0,20.0,20.0,1.0,1.0,1.0,1.0,1.0,1.0,10.0,1.0,1.0,1.0,1.0,1.0,10.0,10.0,10.0,10.0,10.0,1.0,1.0,1.0,1.0,15.0,15.0,15.0,15.0,15.0,15.0,15.0,15.0,15.0,15.0,15.0,15.0,15.0,15.0,15.0,1.0,1.0,1.0,1.0,10.0,10.0,1.0,1.0,1.0,1.0
10.0,1.0,1.0,1.0,1.0,1.0,1.0,1.0,1.0,10.0,10.0,10.0,1.0,20.0,1.0,1.0,1.0,1.0,1.0,1.0,15.0,1.0,10.0,1.0,1.0,10.0,20.0,1.0,20.0,20.0,20.0,20.0,20.0,1.0,20.0,1.0,1.0,1.0,1.0,10.0,10.0,1.0,1.0,1.0,1.0,10.0,10.0,1.0,1.0,1.0,1.0,1.0,15.0,15.0,15.0,15.0,1.0,1.0,1.0,1.0,1.0,1.0,1.0,1.0,1.0,1.0,15.0,15.0,15.0,1.0,15.0,15.0,15.0,1.0,10.0,1.0,1.0,1.0,1.0,1.0
10.0,1.0,1.0,1.0,1.0,20.0,20.0,20.0,20.0,1.0,1.0,1.0,1.0,20.0,1.0,10.0,10.0,1.0,1.0,1.0,1.0,15.0,10.0,10.0,1.0,10.0,20.0,1.0,1.0,1.0,1.0,1.0,1.0,1.0,20.0,1.0,1.0,1.0,1.0,10.0,1.0,1.0,1.0,1.0,1.0,10.0,1.0,1.0,1.0,1.0,1.0,15.0,15.0,1.0,1.0,1.0,1.0,1.0,20.0,20.0,20.0,20.0,1.0,1.0,1.0,1.0,1.0,1.0,15.0,15.0,15.0,15.0,15.0,1.0,10.0,1.0,1.0,10.0,10.0,1.0
10.0,1.0,1.0,1.0,1.0,20.0,20.0,20.0,20.0,20.0,20.0,20.0,1.0,20.0,1.0,1.0,10.0,1.0,1.0,1.0,1.0,15.0,15.0,10.0,10.0,1.0,20.0,20.0,20.0,20.0,20.0,20.0,20.0,20.0,20.0,1.0,1.0,1.0,1.0,1.0,1.0,1.0,1.0,1.0,1.0,10.0,1.0,1.0,1.0,1.0,1.0,15.0,1.0,1.0,1.0,1.0,1.0,20.0,20.0,20.0,20.0,20.0,20.0,20.0,20.0,1.0,1.0,1.0,1.0,1.0,1.0,1.0,1.0,1.0,10.0,1.0,1.0,1.0,1.0,1.0
10.0,1.0,1.0,1.0,1.0,20.0,20.0,20.0,20.0,20.0,20.0,20.0,20.0,20.0,20.0,1.0,10.0,10.0,1.0,1.0,1.0,1.0,15.0,1.0,10.0,10.0,1.0,1.0,1.0,1.0,1.0,1.0,1.0,1.0,1.0,1.0,1.0,1.0,1.0,1.0,1.0,1.0,1.0,1.0,1.0,10.0,10.0,1.0,1.0,1.0,1.0,15.0,1.0,1.0,1.0,1.0,20.0,20.0,20.0,20.0,20.0,20.0,20.0,20.0,20.0,20.0,1.0,1.0,1.0,1.0,1.0,1.0,1.0,1.0,1.0,1.0,1.0,1.0,1.0,1.0
10.0,10.0,1.0,1.0,1.0,1.0,20.0,20.0,20.0,20.0,20.0,20.0,1.0,20.0,20.0,1.0,1.0,10.0,1.0,1.0,1.0,1.0,1.0,15.0,1.0,10.0,1.0,1.0,1.0,1.0,1.0,1.0,1.0,1.0,1.0,1.0,1.0,1.0,1.0,1.0,10.0,10.0,10.0,10.0,10.0,1.0,10.0,1.0,1.0,1.0,1.0,15.0,1.0,1.0,1.0,1.0,20.0,20.0,20.0,20.0,20.0,20.0,20.0,20.0,20.0,20.0,20.0,20.0,20.0,1.0,1.0,1.0,1.0,1.0,1.0,1.0,1.0,1.0,1.0,1.0
1.0,1.0,1.0,1.0,1.0,1.0,20.0,20.0,20.0,20.0,20.0,20.0,20.0,20.0,20.0,1.0,1.0,10.0,1.0,1.0,1.0,1.0,1.0,15.0,1.0,10.0,1.0,1.0,1.0,1.0,10.0,10.0,10.0,10.0,1.0,10.0,10.0,10.0,10.0,10.0,1.0,1.0,1.0,1.0,1.0,1.0,1.0,1.0,1.0,1.0,1.0,15.0,1.0,1.0,1.0,1.0,20.0,20.0,20.0,20.0,1.0,20.0,20.0,20.0,20.0,20.0,20.0,20.0,20.0,20.0,20.0,1.0,1.0,1.0,1.0,1.0,1.0,1.0,1.0,1.0
1.0,10.0,1.0,1.0,1.0,1.0,20.0,20.0,20.0,20.0,20.0,20.0,20.0,20.0,20.0,20.0,1.0,10.0,1.0,1.0,1.0,1.0,1.0,15.0,1.0,1.0,10.0,1.0,1.0,1.0,1.0,1.0,1.0,1.0,1.0,1.0,1.0,1.0,1.0,1.0,1.0,1.0,1.0,1.0,1.0,1.0,1.0,10.0,1.0,1.0,1.0,1.0,15.0,1.0,1.0,1.0,20.0,20.0,20.0,20.0,20.0,20.0,20.0,20.0,20.0,20.0,20.0,20.0,20.0,20.0,20.0,1.0,1.0,1.0,1.0,1.0,1.0,1.0,1.0,1.0
1.0,1.0,10.0,1.0,1.0,1.0,20.0,20.0,20.0,20.0,20.0,20.0,20.0,20.0,20.0,20.0,1.0,10.0,10.0,1.0,1.0,1.0,15.0,15.0,1.0,1.0,10.0,10.0,1.0,1.0,1.0,1.0,1.0,10.0,10.0,10.0,10.0,10.0,10.0,10.0,1.0,10.0,1.0,10.0,10.0,1.0,10.0,10.0,10.0,1.0,1.0,1.0,15.0,1.0,1.0,1.0,20.0,1.0,20.0,20.0,20.0,20.0,20.0,20.0,20.0,20.0,20.0,20.0,20.0,20.0,20.0,1.0,1.0,1.0,1.0,1.0,1.0,1.0,1.0,1.0
1.0,1.0,1.0,10.0,1.0,1.0,20.0,20.0,20.0,20.0,20.0,20.0,20.0,20.0,20.0,20.0,1.0,1.0,10.0,1.0,1.0,1.0,15.0,1.0,1.0,1.0,1.0,1.0,10.0,10.0,10.0,10.0,10.0,1.0,1.0,1.0,1.0,1.0,1.0,1.0,1.0,1.0,1.0,1.0,1.0,1.0,1.0,1.0,10.0,10.0,1.0,1.0,1.0,15.0,15.0,1.0,20.0,1.0,20.0,20.0,20.0,20.0,20.0,20.0,20.0,20.0,20.0,20.0,20.0,20.0,20.0,1.0,1.0,1.0,1.0,1.0,1.0,1.0,1.0,1.0
1.0,1.0,1.0,10.0,10.0,1.0,20.0,20.0,20.0,20.0,20.0,20.0,20.0,20.0,20.0,20.0,1.0,1.0,10.0,1.0,1.0,1.0,15.0,15.0,15.0,15.0,15.0,15.0,15.0,15.0,15.0,15.0,15.0,15.0,15.0,15.0,15.0,15.0,15.0,15.0,15.0,15.0,15.0,15.0,15.0,1.0,1.0,1.0,1.0,1.0,1.0,1.0,1.0,15.0,15.0,1.0,20.0,20.0,20.0,20.0,20.0,20.0,20.0,20.0,20.0,20.0,20.0,20.0,20.0,20.0,20.0,20.0,1.0,1.0,1.0,1.0,1.0,1.0,1.0,1.0
1.0,1.0,1.0,1.0,10.0,1.0,20.0,20.0,20.0,20.0,20.0,20.0,20.0,20.0,20.0,20.0,1.0,1.0,1.0,10.0,1.0,1.0,1.0,1.0,1.0,1.0,1.0,1.0,1.0,1.0,1.0,1.0,1.0,1.0,1.0,1.0,1.0,1.0,1.0,1.0,1.0,1.0,1.0,1.0,1.0,15.0,15.0,15.0,15.0,15.0,15.0,15.0,1.0,15.0,1.0,20.0,20.0,20.0,20.0,20.0,20.0,20.0,20.0,20.0,20.0,20.0,20.0,20.0,20.0,20.0,20.0,1.0,1.0,1.0,1.0,1.0,1.0,1.0,1.0,1.0
1.0,1.0,1.0,10.0,1.0,1.0,20.0,20.0,20.0,20.0,20.0,20.0,20.0,20.0,20.0,20.0,20.0,1.0,1.0,1.0,10.0,10.0,10.0,1.0,1.0,1.0,1.0,1.0,1.0,10.0,10.0,1.0,1.0,1.0,1.0,20.0,20.0,20.0,20.0,20.0,1.0,1.0,1.0,1.0,1.0,1.0,1.0,1.0,1.0,1.0,1.0,15.0,15.0,15.0,1.0,20.0,20.0,20.0,1.0,20.0,20.0,20.0,20.0,20.0,20.0,20.0,20.0,20.0,20.0,20.0,20.0,1.0,1.0,1.0,1.0,1.0,1.0,1.0,1.0,1.0
1.0,1.0,10.0,10.0,1.0,1.0,1.0,1.0,1.0,1.0,1.0,1.0,1.0,20.0,20.0,1.0,20.0,20.0,1.0,1.0,1.0,1.0,10.0,10.0,10.0,10.0,10.0,10.0,1.0,1.0,10.0,1.0,1.0,20.0,20.0,20.0,20.0,20.0,20.0,20.0,20.0,20.0,20.0,20.0,20.0,20.0,20.0,20.0,1.0,1.0,1.0,1.0,1.0,1.0,1.0,1.0,20.0,20.0,20.0,20.0,20.0,20.0,20.0,20.0,20.0,20.0,20.0,20.0,20.0,20.0,20.0,1.0,1.0,1.0,1.0,1.0,1.0,1.0,1.0,1.0
1.0,1.0,10.0,10.0,10.0,10.0,10.0,10.0,10.0,1.0,1.0,1.0,1.0,1.0,1.0,1.0,20.0,20.0,20.0,1.0,1.0,1.0,1.0,1.0,1.0,1.0,1.0,10.0,10.0,1.0,1.0,10.0,10.0,1.0,20.0,20.0,20.0,20.0,20.0,20.0,20.0,20.0,20.0,20.0,20.0,20.0,20.0,20.0,20.0,20.0,20.0,20.0,20.0,20.0,20.0,20.0,20.0,20.0,20.0,20.0,20.0,20.0,20.0,20.0,20.0,20.0,20.0,20.0,20.0,20.0,20.0,1.0,1.0,1.0,1.0,1.0,1.0,1.0,1.0,1.0
1.0,1.0,1.0,1.0,1.0,1.0,1.0,1.0,1.0,10.0,10.0,10.0,10.0,1.0,1.0,1.0,1.0,20.0,20.0,1.0,20.0,1.0,1.0,1.0,1.0,1.0,1.0,1.0,10.0,1.0,1.0,1.0,1.0,10.0,20.0,20.0,20.0,20.0,20.0,20.0,20.0,20.0,20.0,20.0,20.0,20.0,20.0,20.0,20.0,20.0,20.0,20.0,20.0,20.0,20.0,20.0,20.0,20.0,20.0,20.0,20.0,20.0,20.0,20.0,20.0,20.0,20.0,20.0,20.0,1.0,20.0,1.0,1.0,1.0,1.0,1.0,1.0,1.0,GOLD,1.0
1.0,1.0,1.0,1.0,1.0,1.0,1.0,1.0,1.0,1.0,1.0,1.0,10.0,1.0,1.0,1.0,1.0,1.0,1.0,1.0,20.0,20.0,1.0,1.0,1.0,1.0,1.0,1.0,10.0,10.0,1.0,1.0,1.0,1.0,1.0,20.0,20.0,20.0,20.0,20.0,20.0,20.0,20.0,20.0,20.0,20.0,20.0,20.0,20.0,20.0,20.0,20.0,20.0,20.0,20.0,20.0,20.0,20.0,20.0,20.0,20.0,20.0,20.0,20.0,20.0,20.0,20.0,20.0,20.0,20.0,20.0,1.0,1.0,1.0,1.0,1.0,1.0,1.0,1.0,1.0
