80,80
1.0,1.0,1.0,1.0,10.0,10.0,10.0,10.0,10.0,10.0,10.0,10.0,1.0,1.0,1.0,1.0,1.0,1.0,1.0,1.0,1.0,1.0,1.0,1.0,20.0,20.0,20.0,20.0,20.0,20.0,20.0,20.0,20.0,20.0,20.0,20.0,20.0,20.0,20.0,20.0,1.0,1.0,1.0,1.0,1.0,1.0,1.0,1.0,1.0,1.0,1.0,1.0,1.0,1.0,1.0,1.0,1.0,1.0,1.0,1.0,1.0,1.0,1.0,1.0,1.0,1.0,1.0,20.0,20.0,20.0,20.0,20.0,20.0,20.0,20.0,20.0,20.0,20.0,20.0,1.0
1.0,8.0,8.0,1.0,10.0,1.0,1.0,1.0,1.0,1.0,15.0,15.0,10.0,10.0,10.0,10.0,15.0,1.0,1.0,1.0,1.0,1.0,1.0,20.0,20.0,20.0,20.0,20.0,20.0,20.0,20.0,20.0,20.0,20.0,20.0,20.0,20.0,20.0,20.0,1.0,8.0,8.0,8.0,8.0,8.0,8.0,8.0,8.0,9.0,9.0,9.0,9.0,9.0,9.0,9.0,9.0,9.0,9.0,10.0,1.0,1.0,1.0,1.0,1.0,5.0,1.0,1.0,20.0,20.0,20.0,20.0,20.0,20.0,20.0,20.0,20.0,20.0,1.0,20.0,20.0
8.0,8.0,1.0,1.0,10.0,1.0,1.0,1.0,15.0,15.0,15.0,1.0,1.0,1.0,1.0,10.0,10.0,10.0,1.0,1.0,1.0,1.0,1.0,1.0,20.0,20.0,20.0,20.0,20.0,20.0,20.0,20.0,20.0,20.0,20.0,20.0,20.0,20.0,1.0,8.0,1.0,1.0,9.0,1.0,1.0,9.0,9.0,1.0,1.0,10.0,10.0,10.0,10.0,10.0,1.0,1.0,1.0,9.0,9.0,9.0,9.0,9.0,9.0,1.0,5.0,1.0,1.0,1.0,20.0,20.0,20.0,20.0,20.0,20.0,20.0,20.0,20.0,20.0,20.0,20.0
8.0,1.0,1.0,1.0,10.0,1.0,1.0,1.0,15.0,1.0,1.0,1.0,1.0,1.0,1.0,1.0,1.0,10.0,10.0,1.0,1.0,1.0,1.0,1.0,20.0,20.0,20.0,20.0,20.0,20.0,20.0,20.0,20.0,20.0,20.0,20.0,20.0,20.0,8.0,8.0,1.0,9.0,5.0,1.0,9.0,1.0,1.0,10.0,10.0,10.0,1.0,1.0,15.0,15.0,15.0,15.0,15.0,15.0,1.0,1.0,10.0,10.0,1.0,1.0,5.0,1.0,1.0,1.0,20.0,20.0,20.0,1.0,20.0,20.0,20.0,20.0,20.0,1.0,20.0,20.0
8.0,1.0,1.0,1.0,1.0,10.0,1.0,1.0,15.0,1.0,1.0,5.0,5.0,5.0,1.0,1.0,1.0,1.0,10.0,10.0,1.0,1.0,1.0,1.0,20.0,20.0,20.0,20.0,20.0,20.0,20.0,20.0,20.0,20.0,20.0,20.0,1.0,1.0,1.0,1.0,9.0,1.0,5.0,1.0,9.0,1.0,10.0,10.0,1.0,1.0,1.0,15.0,1.0,1.0,1.0,1.0,1.0,1.0,15.0,15.0,1.0,10.0,10.0,1.0,1.0,5.0,1.0,1.0,20.0,20.0,20.0,20.0,20.0,20.0,20.0,20.0,20.0,20.0,20.0,20.0
1.0,8.0,1.0,1.0,1.0,10.0,1.0,1.0,15.0,1.0,5.0,5.0,1.0,5.0,5.0,5.0,5.0,1.0,15.0,10.0,10.0,1.0,1.0,1.0,20.0,20.0,20.0,20.0,20.0,20.0,20.0,20.0,20.0,20.0,20.0,20.0,1.0,1.0,1.0,9.0,1.0,1.0,5.0,1.0,10.0,10.0,1.0,1.0,1.0,15.0,15.0,1.0,1.0,1.0,1.0,1.0,1.0,1.0,1.0,1.0,15.0,1.0,10.0,10.0,1.0,1.0,5.0,1.0,1.0,1.0,20.0,20.0,20.0,20.0,20.0,20.0,20.0,20.0,20.0,20.0
1.0,8.0,1.0,1.0,1.0,10.0,1.0,1.0,15.0,1.0,5.0,1.0,1.0,5.0,1.0,1.0,5.0,5.0,1.0,15.0,10.0,10.0,10.0,10.0,1.0,20.0,20.0,20.0,20.0,20.0,20.0,20.0,20.0,20.0,20.0,20.0,1.0,1.0,9.0,1.0,1.0,5.0,1.0,10.0,10.0,1.0,1.0,1.0,15.0,15.0,1.0,1.0,1.0,1.0,5.0,5.0,5.0,5.0,5.0,5.0,15.0,15.0,1.0,10.0,10.0,1.0,5.0,5.0,1.0,1.0,20.0,20.0,20.0,20.0,1.0,1.0,20.0,20.0,20.0,20.0
1.0,8.0,10.0,10.0,10.0,10.0,1.0,1.0,15.0,5.0,5.0,1.0,1.0,5.0,1.0,1.0,1.0,5.0,5.0,15.0,15.0,1.0,1.0,10.0,1.0,20.0,20.0,20.0,20.0,20.0,20.0,20.0,20.0,20.0,20.0,1.0,1.0,9.0,1.0,1.0,5.0,1.0,1.0,10.0,1.0,1.0,1.0,1.0,5.0,5.0,5.0,5.0,5.0,5.0,1.0,1.0,1.0,1.0,1.0,5.0,5.0,15.0,1.0,1.0,10.0,1.0,1.0,5.0,1.0,1.0,20.0,20.0,1.0,1.0,20.0,20.0,20.0,20.0,1.0,20.0
1.0,8.0,10.0,1.0,1.0,1.0,1.0,15.0,15.0,1.0,5.0,1.0,1.0,5.0,1.0,1.0,1.0,1.0,5.0,5.0,15.0,15.0,1.0,1.0,10.0,20.0,20.0,20.0,20.0,20.0,20.0,20.0,20.0,20.0,20.0,1.0,1.0,9.0,1.0,5.0,1.0,10.0,10.0,1.0,1.0,1.0,1.0,5.0,1.0,1.0,1.0,1.0,5.0,1.0,1.0,1.0,1.0,1.0,1.0,5.0,5.0,15.0,15.0,1.0,10.0,10.0,1.0,1.0,1.0,1.0,20.0,20.0,20.0,20.0,20.0,20.0,20.0,20.0,20.0,20.0
1.0,8.0,10.0,15.0,15.0,15.0,15.0,15.0,1.0,1.0,5.0,1.0,1.0,5.0,1.0,1.0,START,1.0,1.0,5.0,5.0,15.0,1.0,1.0,10.0,20.0,20.0,20.0,20.0,20.0,20.0,20.0,20.0,20.0,20.0,1.0,9.0,9.0,5.0,5.0,1.0,10.0,1.0,1.0,1.0,1.0,5.0,5.0,1.0,1.0,1.0,1.0,5.0,5.0,5.0,5.0,5.0,5.0,5.0,5.0,1.0,1.0,15.0,1.0,1.0,10.0,10.0,1.0,1.0,1.0,20.0,20.0,1.0,1.0,1.0,20.0,20.0,20.0,1.0,20.0
1.0,8.0,1.0,15.0,1.0,1.0,1.0,1.0,1.0,1.0,5.0,5.0,1.0,5.0,5.0,1.0,1.0,1.0,1.0,1.0,5.0,5.0,15.0,1.0,10.0,20.0,20.0,20.0,20.0,20.0,20.0,20.0,20.0,20.0,20.0,1.0,9.0,1.0,5.0,1.0,1.0,10.0,1.0,1.0,5.0,5.0,5.0,1.0,1.0,1.0,1.0,5.0,5.0,1.0,1.0,1.0,1.0,1.0,1.0,1.0,1.0,1.0,15.0,15.0,1.0,1.0,10.0,10.0,10.0,1.0,1.0,20.0,20.0,20.0,20.0,20.0,20.0,20.0,20.0,20.0
8.0,10.0,1.0,15.0,1.0,1.0,1.0,1.0,1.0,1.0,1.0,5.0,5.0,1.0,1.0,5.0,5.0,1.0,1.0,1.0,1.0,5.0,5.0,15.0,10.0,20.0,20.0,20.0,20.0,20.0,20.0,20.0,20.0,20.0,20.0,1.0,9.0,5.0,1.0,1.0,1.0,5.0,5.0,5.0,1.0,15.0,1.0,1.0,1.0,1.0,5.0,20.0,20.0,20.0,20.0,20.0,20.0,20.0,20.0,1.0,1.0,1.0,1.0,15.0,15.0,1.0,1.0,1.0,10.0,10.0,10.0,1.0,1.0,1.0,1.0,1.0,1.0,1.0,20.0,20.0
8.0,10.0,1.0,15.0,15.0,1.0,1.0,1.0,1.0,1.0,1.0,1.0,1.0,5.0,5.0,1.0,1.0,5.0,1.0,1.0,1.0,1.0,5.0,15.0,10.0,20.0,20.0,20.0,20.0,20.0,20.0,20.0,20.0,1.0,1.0,1.0,9.0,5.0,5.0,5.0,5.0,10.0,1.0,1.0,1.0,15.0,1.0,1.0,1.0,5.0,1.0,20.0,20.0,20.0,20.0,20.0,20.0,20.0,20.0,20.0,20.0,1.0,1.0,1.0,15.0,15.0,15.0,15.0,15.0,1.0,1.0,10.0,10.0,10.0,1.0,1.0,1.0,1.0,1.0,1.0
8.0,1.0,10.0,10.0,15.0,15.0,15.0,15.0,15.0,15.0,1.0,1.0,1.0,1.0,5.0,5.0,1.0,1.0,5.0,1.0,1.0,5.0,5.0,15.0,10.0,20.0,20.0,20.0,20.0,20.0,20.0,20.0,20.0,1.0,1.0,9.0,9.0,1.0,9.0,1.0,1.0,10.0,1.0,1.0,1.0,15.0,1.0,1.0,5.0,1.0,1.0,20.0,20.0,20.0,20.0,20.0,1.0,1.0,20.0,1.0,20.0,1.0,1.0,8.0,1.0,1.0,1.0,1.0,1.0,15.0,15.0,15.0,1.0,10.0,10.0,1.0,5.0,5.0,1.0,1.0
8.0,1.0,1.0,10.0,10.0,10.0,10.0,10.0,1.0,1.0,15.0,15.0,1.0,1.0,1.0,5.0,5.0,5.0,5.0,1.0,5.0,5.0,1.0,15.0,10.0,20.0,20.0,20.0,20.0,20.0,20.0,20.0,1.0,1.0,1.0,9.0,10.0,9.0,1.0,1.0,1.0,10.0,1.0,5.0,1.0,15.0,1.0,1.0,5.0,1.0,1.0,20.0,20.0,20.0,20.0,20.0,1.0,1.0,20.0,1.0,20.0,1.0,1.0,8.0,8.0,1.0,1.0,1.0,1.0,1.0,1.0,1.0,15.0,15.0,1.0,10.0,1.0,5.0,5.0,1.0
1.0,8.0,1.0,1.0,1.0,1.0,1.0,10.0,10.0,10.0,10.0,15.0,15.0,15.0,1.0,1.0,1.0,5.0,5.0,5.0,5.0,1.0,1.0,15.0,10.0,20.0,20.0,20.0,20.0,20.0,20.0,20.0,20.0,1.0,1.0,9.0,9.0,10.0,1.0,1.0,10.0,10.0,1.0,5.0,1.0,15.0,1.0,5.0,5.0,1.0,8.0,20.0,20.0,20.0,20.0,20.0,1.0,20.0,20.0,1.0,20.0,20.0,1.0,1.0,8.0,8.0,8.0,8.0,8.0,8.0,8.0,8.0,1.0,15.0,1.0,10.0,10.0,1.0,5.0,1.0
1.0,8.0,1.0,1.0,20.0,20.0,20.0,20.0,20.0,20.0,10.0,10.0,10.0,15.0,15.0,1.0,1.0,1.0,5.0,1.0,5.0,1.0,1.0,15.0,10.0,20.0,20.0,20.0,20.0,20.0,20.0,20.0,20.0,1.0,9.0,9.0,9.0,10.0,10.0,10.0,10.0,1.0,1.0,5.0,1.0,15.0,1.0,5.0,1.0,1.0,8.0,20.0,20.0,20.0,20.0,20.0,1.0,20.0,1.0,1.0,1.0,20.0,1.0,1.0,1.0,1.0,1.0,1.0,1.0,1.0,1.0,1.0,1.0,15.0,1.0,1.0,10.0,1.0,5.0,1.0
1.0,1.0,8.0,1.0,20.0,20.0,20.0,20.0,20.0,20.0,20.0,20.0,10.0,10.0,15.0,15.0,1.0,1.0,5.0,1.0,5.0,1.0,15.0,10.0,10.0,20.0,20.0,20.0,20.0,20.0,20.0,20.0,20.0,1.0,9.0,9.0,1.0,1.0,10.0,10.0,1.0,1.0,1.0,5.0,1.0,15.0,1.0,1.0,5.0,1.0,8.0,20.0,20.0,20.0,20.0,1.0,20.0,20.0,1.0,1.0,1.0,20.0,1.0,1.0,1.0,1.0,20.0,20.0,20.0,20.0,20.0,20.0,20.0,15.0,1.0,1.0,10.0,1.0,5.0,1.0
1.0,1.0,1.0,8.0,20.0,20.0,20.0,20.0,20.0,20.0,20.0,20.0,20.0,10.0,10.0,15.0,15.0,1.0,1.0,5.0,5.0,1.0,15.0,10.0,1.0,20.0,20.0,20.0,20.0,20.0,20.0,20.0,20.0,1.0,9.0,1.0,1.0,1.0,10.0,1.0,1.0,1.0,1.0,5.0,1.0,15.0,1.0,1.0,5.0,1.0,8.0,20.0,20.0,20.0,20.0,1.0,20.0,1.0,1.0,1.0,1.0,20.0,1.0,1.0,1.0,1.0,20.0,1.0,1.0,1.0,1.0,1.0,20.0,15.0,1.0,1.0,10.0,1.0,5.0,1.0
20.0,20.0,20.0,20.0,8.0,20.0,20.0,20.0,20.0,20.0,20.0,20.0,20.0,20.0,10.0,10.0,10.0,10.0,1.0,5.0,5.0,1.0,15.0,10.0,1.0,1.0,20.0,20.0,1.0,1.0,1.0,1.0,1.0,9.0,1.0,1.0,1.0,1.0,10.0,10.0,1.0,1.0,1.0,5.0,1.0,15.0,1.0,1.0,5.0,1.0,8.0,1.0,20.0,20.0,20.0,1.0,20.0,1.0,1.0,5.0,1.0,20.0,1.0,1.0,1.0,1.0,20.0,1.0,5.0,5.0,5.0,1.0,20.0,15.0,1.0,1.0,10.0,1.0,5.0,1.0
20.0,20.0,20.0,20.0,20.0,20.0,20.0,20.0,20.0,20.0,20.0,20.0,20.0,20.0,10.0,10.0,1.0,10.0,1.0,5.0,5.0,1.0,15.0,10.0,1.0,1.0,8.0,8.0,8.0,8.0,8.0,1.0,1.0,1.0,1.0,1.0,1.0,1.0,1.0,8.0,8.0,1.0,1.0,5.0,1.0,15.0,8.0,1.0,5.0,1.0,8.0,1.0,20.0,20.0,20.0,20.0,1.0,1.0,1.0,5.0,1.0,20.0,20.0,20.0,20.0,20.0,1.0,1.0,1.0,1.0,5.0,1.0,20.0,15.0,1.0,1.0,10.0,1.0,5.0,1.0
20.0,20.0,20.0,20.0,20.0,20.0,20.0,20.0,20.0,20.0,20.0,20.0,20.0,20.0,1.0,10.0,1.0,10.0,1.0,5.0,1.0,1.0,15.0,10.0,10.0,1.0,1.0,1.0,1.0,1.0,1.0,8.0,8.0,8.0,8.0,8.0,8.0,1.0,8.0,8.0,10.0,1.0,1.0,5.0,1.0,15.0,8.0,1.0,5.0,1.0,8.0,1.0,20.0,20.0,20.0,20.0,20.0,1.0,1.0,5.0,5.0,1.0,1.0,1.0,1.0,1.0,1.0,1.0,1.0,1.0,5.0,1.0,20.0,15.0,1.0,10.0,10.0,5.0,1.0,1.0
20.0,20.0,20.0,20.0,20.0,20.0,20.0,20.0,20.0,20.0,20.0,20.0,20.0,1.0,1.0,1.0,1.0,10.0,1.0,5.0,1.0,1.0,15.0,1.0,10.0,10.0,10.0,10.0,10.0,10.0,10.0,10.0,10.0,10.0,10.0,10.0,8.0,8.0,8.0,1.0,10.0,1.0,1.0,1.0,5.0,15.0,1.0,1.0,5.0,1.0,8.0,20.0,20.0,20.0,20.0,1.0,20.0,1.0,1.0,1.0,5.0,1.0,1.0,1.0,1.0,1.0,1.0,20.0,20.0,20.0,1.0,1.0,20.0,15.0,1.0,10.0,1.0,5.0,1.0,1.0
20.0,20.0,20.0,20.0,20.0,20.0,20.0,20.0,20.0,20.0,20.0,20.0,20.0,1.0,1.0,1.0,10.0,15.0,1.0,5.0,1.0,1.0,15.0,1.0,1.0,15.0,15.0,15.0,15.0,15.0,15.0,15.0,15.0,15.0,15.0,15.0,1.0,1.0,10.0,10.0,10.0,1.0,1.0,1.0,5.0,15.0,8.0,1.0,5.0,5.0,8.0,20.0,20.0,20.0,20.0,5.0,5.0,20.0,20.0,1.0,1.0,5.0,5.0,20.0,20.0,20.0,20.0,1.0,1.0,20.0,1.0,1.0,20.0,15.0,15.0,10.0,1.0,5.0,1.0,1.0
20.0,20.0,20.0,20.0,20.0,20.0,20.0,20.0,20.0,20.0,20.0,20.0,1.0,1.0,1.0,1.0,10.0,15.0,5.0,5.0,1.0,1.0,1.0,15.0,15.0,15.0,1.0,1.0,1.0,1.0,1.0,1.0,1.0,1.0,1.0,15.0,15.0,15.0,15.0,10.0,10.0,1.0,1.0,1.0,5.0,15.0,8.0,1.0,1.0,5.0,1.0,8.0,20.0,20.0,20.0,1.0,5.0,1.0,1.0,20.0,20.0,1.0,1.0,1.0,1.0,1.0,1.0,1.0,1.0,20.0,20.0,1.0,20.0,1.0,15.0,10.0,1.0,5.0,1.0,1.0
20.0,20.0,20.0,20.0,20.0,20.0,20.0,20.0,20.0,20.0,20.0,20.0,1.0,8.0,1.0,1.0,10.0,15.0,5.0,1.0,5.0,5.0,1.0,1.0,1.0,1.0,1.0,5.0,5.0,5.0,5.0,5.0,5.0,1.0,1.0,1.0,1.0,1.0,1.0,10.0,10.0,1.0,1.0,5.0,5.0,15.0,8.0,1.0,1.0,5.0,1.0,8.0,20.0,20.0,20.0,1.0,5.0,1.0,1.0,1.0,1.0,1.0,20.0,20.0,20.0,1.0,1.0,1.0,1.0,1.0,20.0,20.0,20.0,1.0,15.0,10.0,10.0,1.0,5.0,1.0
20.0,20.0,20.0,20.0,20.0,20.0,20.0,20.0,20.0,20.0,20.0,20.0,1.0,8.0,1.0,10.0,1.0,15.0,5.0,1.0,1.0,5.0,5.0,1.0,1.0,1.0,1.0,5.0,5.0,5.0,5.0,5.0,5.0,5.0,5.0,5.0,5.0,5.0,1.0,1.0,10.0,1.0,1.0,5.0,1.0,15.0,8.0,1.0,1.0,5.0,1.0,8.0,20.0,20.0,20.0,1.0,5.0,5.0,1.0,20.0,1.0,1.0,1.0,1.0,20.0,1.0,1.0,5.0,1.0,1.0,1.0,20.0,20.0,1.0,15.0,15.0,10.0,1.0,5.0,1.0
20.0,20.0,20.0,20.0,20.0,20.0,20.0,20.0,20.0,20.0,20.0,1.0,1.0,8.0,1.0,10.0,15.0,5.0,5.0,5.0,5.0,5.0,5.0,1.0,1.0,1.0,1.0,1.0,1.0,1.0,1.0,1.0,1.0,1.0,1.0,5.0,1.0,1.0,1.0,1.0,10.0,10.0,1.0,5.0,1.0,15.0,8.0,1.0,1.0,5.0,1.0,8.0,20.0,20.0,20.0,1.0,1.0,5.0,1.0,20.0,1.0,20.0,20.0,20.0,1.0,1.0,1.0,5.0,5.0,1.0,1.0,20.0,20.0,5.0,1.0,15.0,1.0,10.0,1.0,5.0
20.0,20.0,20.0,20.0,20.0,20.0,20.0,20.0,20.0,20.0,1.0,1.0,1.0,8.0,1.0,10.0,15.0,5.0,1.0,1.0,1.0,10.0,10.0,10.0,1.0,1.0,1.0,1.0,1.0,1.0,1.0,1.0,1.0,1.0,1.0,5.0,1.0,1.0,1.0,1.0,10.0,10.0,1.0,5.0,5.0,15.0,8.0,1.0,1.0,5.0,1.0,8.0,20.0,20.0,20.0,1.0,5.0,1.0,1.0,20.0,20.0,20.0,1.0,20.0,20.0,1.0,20.0,1.0,5.0,20.0,20.0,20.0,20.0,5.0,5.0,15.0,15.0,10.0,10.0,5.0
20.0,20.0,20.0,20.0,20.0,20.0,20.0,20.0,20.0,20.0,1.0,1.0,8.0,8.0,1.0,10.0,1.0,5.0,5.0,1.0,1.0,10.0,10.0,20.0,20.0,20.0,20.0,20.0,20.0,20.0,20.0,20.0,20.0,1.0,1.0,1.0,5.0,5.0,1.0,1.0,10.0,10.0,1.0,1.0,5.0,15.0,8.0,1.0,1.0,5.0,1.0,8.0,20.0,20.0,20.0,1.0,5.0,1.0,1.0,20.0,1.0,1.0,1.0,1.0,1.0,1.0,1.0,5.0,5.0,1.0,20.0,20.0,20.0,1.0,5.0,1.0,15.0,1.0,10.0,1.0
20.0,20.0,20.0,20.0,20.0,20.0,20.0,20.0,20.0,1.0,1.0,1.0,8.0,1.0,1.0,10.0,15.0,5.0,5.0,1.0,1.0,1.0,10.0,1.0,20.0,20.0,20.0,20.0,20.0,20.0,20.0,20.0,20.0,5.0,5.0,1.0,1.0,5.0,5.0,1.0,10.0,10.0,1.0,1.0,1.0,15.0,8.0,1.0,1.0,5.0,8.0,8.0,20.0,20.0,20.0,1.0,5.0,1.0,1.0,1.0,1.0,1.0,1.0,1.0,1.0,1.0,1.0,5.0,20.0,20.0,20.0,1.0,20.0,20.0,5.0,5.0,1.0,15.0,10.0,1.0
20.0,20.0,20.0,20.0,20.0,20.0,20.0,20.0,1.0,1.0,8.0,8.0,1.0,10.0,10.0,10.0,15.0,1.0,5.0,5.0,5.0,5.0,10.0,10.0,20.0,20.0,20.0,20.0,20.0,20.0,20.0,20.0,20.0,5.0,5.0,1.0,1.0,1.0,5.0,1.0,10.0,10.0,1.0,1.0,1.0,15.0,8.0,1.0,1.0,5.0,8.0,1.0,20.0,20.0,20.0,1.0,1.0,1.0,1.0,20.0,20.0,20.0,20.0,20.0,20.0,20.0,20.0,1.0,5.0,1.0,1.0,1.0,1.0,20.0,1.0,5.0,1.0,15.0,10.0,10.0
20.0,20.0,20.0,20.0,20.0,20.0,20.0,20.0,1.0,8.0,8.0,1.0,10.0,10.0,1.0,15.0,15.0,1.0,5.0,1.0,1.0,5.0,1.0,10.0,20.0,20.0,20.0,20.0,20.0,20.0,20.0,20.0,20.0,5.0,5.0,1.0,1.0,1.0,5.0,1.0,10.0,10.0,10.0,1.0,15.0,15.0,8.0,1.0,1.0,5.0,8.0,1.0,20.0,20.0,20.0,20.0,1.0,20.0,20.0,20.0,1.0,1.0,1.0,1.0,1.0,1.0,1.0,1.0,1.0,1.0,1.0,1.0,1.0,20.0,1.0,1.0,5.0,15.0,15.0,10.0
20.0,20.0,20.0,20.0,20.0,20.0,20.0,1.0,8.0,8.0,1.0,10.0,10.0,1.0,1.0,15.0,1.0,5.0,5.0,5.0,1.0,5.0,1.0,10.0,10.0,20.0,20.0,20.0,20.0,20.0,20.0,20.0,20.0,5.0,5.0,1.0,1.0,1.0,1.0,1.0,10.0,1.0,10.0,1.0,15.0,1.0,8.0,1.0,5.0,8.0,8.0,20.0,20.0,20.0,20.0,1.0,1.0,1.0,20.0,1.0,1.0,1.0,1.0,20.0,20.0,20.0,20.0,20.0,1.0,1.0,5.0,5.0,5.0,5.0,1.0,1.0,5.0,1.0,15.0,10.0
20.0,20.0,20.0,20.0,20.0,20.0,1.0,8.0,8.0,1.0,10.0,10.0,1.0,1.0,15.0,1.0,1.0,5.0,5.0,5.0,1.0,5.0,1.0,1.0,10.0,20.0,20.0,20.0,20.0,20.0,20.0,20.0,20.0,5.0,5.0,5.0,1.0,1.0,1.0,1.0,10.0,1.0,10.0,1.0,15.0,1.0,8.0,1.0,5.0,8.0,1.0,20.0,20.0,20.0,20.0,1.0,20.0,20.0,1.0,1.0,1.0,1.0,1.0,1.0,1.0,1.0,20.0,1.0,20.0,1.0,1.0,1.0,1.0,5.0,20.0,1.0,5.0,1.0,15.0,10.0
20.0,20.0,20.0,20.0,20.0,20.0,8.0,8.0,1.0,10.0,1.0,1.0,1.0,15.0,15.0,5.0,5.0,5.0,1.0,5.0,5.0,5.0,1.0,5.0,10.0,20.0,20.0,20.0,20.0,20.0,20.0,20.0,20.0,5.0,5.0,5.0,5.0,1.0,1.0,1.0,10.0,1.0,10.0,1.0,15.0,1.0,8.0,1.0,5.0,8.0,1.0,20.0,20.0,20.0,20.0,1.0,1.0,20.0,20.0,20.0,20.0,20.0,1.0,20.0,20.0,20.0,1.0,1.0,1.0,20.0,1.0,1.0,1.0,5.0,20.0,1.0,5.0,1.0,15.0,10.0
20.0,20.0,20.0,20.0,20.0,8.0,8.0,1.0,10.0,10.0,1.0,1.0,15.0,15.0,5.0,5.0,1.0,5.0,5.0,5.0,1.0,1.0,5.0,5.0,20.0,20.0,20.0,20.0,20.0,20.0,20.0,20.0,20.0,1.0,5.0,1.0,1.0,5.0,1.0,1.0,10.0,1.0,10.0,1.0,15.0,1.0,8.0,5.0,5.0,8.0,8.0,20.0,20.0,20.0,20.0,1.0,1.0,20.0,20.0,20.0,20.0,1.0,1.0,1.0,1.0,1.0,1.0,1.0,1.0,1.0,20.0,1.0,1.0,5.0,20.0,1.0,5.0,1.0,15.0,10.0
20.0,20.0,20.0,20.0,20.0,8.0,1.0,10.0,10.0,1.0,15.0,15.0,1.0,5.0,1.0,1.0,1.0,1.0,5.0,1.0,1.0,1.0,5.0,10.0,20.0,20.0,20.0,20.0,20.0,20.0,20.0,20.0,20.0,5.0,5.0,1.0,1.0,5.0,1.0,1.0,10.0,1.0,10.0,1.0,15.0,1.0,8.0,5.0,1.0,1.0,8.0,20.0,20.0,1.0,20.0,1.0,1.0,20.0,20.0,1.0,1.0,20.0,20.0,1.0,1.0,5.0,5.0,5.0,1.0,1.0,20.0,5.0,5.0,5.0,20.0,1.0,5.0,1.0,15.0,10.0
20.0,20.0,20.0,20.0,20.0,8.0,1.0,10.0,1.0,15.0,1.0,1.0,1.0,5.0,1.0,1.0,1.0,5.0,1.0,1.0,1.0,5.0,5.0,10.0,20.0,20.0,20.0,20.0,20.0,20.0,20.0,20.0,20.0,5.0,1.0,1.0,5.0,5.0,1.0,1.0,10.0,1.0,10.0,1.0,15.0,8.0,8.0,5.0,1.0,1.0,8.0,20.0,20.0,1.0,20.0,1.0,1.0,20.0,20.0,1.0,20.0,20.0,20.0,1.0,1.0,5.0,1.0,1.0,1.0,1.0,20.0,1.0,1.0,1.0,20.0,1.0,5.0,1.0,15.0,10.0
20.0,20.0,20.0,20.0,20.0,8.0,10.0,10.0,1.0,15.0,1.0,1.0,5.0,5.0,1.0,1.0,5.0,5.0,1.0,1.0,5.0,5.0,10.0,10.0,20.0,20.0,20.0,20.0,20.0,20.0,20.0,20.0,20.0,5.0,1.0,1.0,5.0,1.0,1.0,1.0,10.0,1.0,10.0,1.0,15.0,8.0,1.0,5.0,1.0,1.0,8.0,20.0,20.0,1.0,20.0,1.0,1.0,20.0,20.0,20.0,20.0,20.0,1.0,5.0,5.0,1.0,1.0,20.0,1.0,20.0,20.0,20.0,1.0,20.0,20.0,5.0,5.0,15.0,15.0,10.0
1.0,1.0,1.0,1.0,1.0,8.0,10.0,1.0,1.0,15.0,1.0,5.0,5.0,1.0,5.0,5.0,5.0,1.0,5.0,5.0,5.0,1.0,10.0,1.0,20.0,20.0,20.0,20.0,20.0,20.0,20.0,20.0,20.0,5.0,1.0,1.0,5.0,1.0,1.0,1.0,10.0,10.0,10.0,1.0,15.0,1.0,1.0,5.0,1.0,1.0,8.0,20.0,20.0,1.0,20.0,1.0,1.0,20.0,20.0,1.0,1.0,1.0,5.0,5.0,20.0,20.0,20.0,20.0,20.0,20.0,20.0,20.0,20.0,20.0,1.0,5.0,1.0,15.0,1.0,10.0
1.0,1.0,1.0,1.0,1.0,8.0,10.0,1.0,1.0,15.0,15.0,1.0,1.0,5.0,5.0,1.0,1.0,5.0,5.0,10.0,10.0,10.0,10.0,1.0,20.0,20.0,20.0,20.0,20.0,20.0,20.0,20.0,20.0,5.0,5.0,5.0,1.0,1.0,1.0,1.0,10.0,10.0,1.0,1.0,15.0,8.0,1.0,5.0,1.0,1.0,8.0,20.0,20.0,1.0,20.0,1.0,1.0,20.0,20.0,20.0,1.0,1.0,5.0,1.0,20.0,1.0,1.0,1.0,1.0,1.0,1.0,1.0,1.0,1.0,1.0,5.0,15.0,15.0,1.0,10.0
1.0,1.0,5.0,1.0,1.0,8.0,10.0,10.0,10.0,10.0,15.0,1.0,1.0,5.0,5.0,1.0,5.0,5.0,10.0,1.0,1.0,1.0,1.0,1.0,20.0,20.0,20.0,20.0,20.0,20.0,20.0,20.0,20.0,1.0,5.0,5.0,1.0,1.0,1.0,1.0,10.0,10.0,1.0,1.0,15.0,8.0,1.0,5.0,1.0,1.0,8.0,20.0,20.0,20.0,20.0,1.0,1.0,1.0,20.0,20.0,20.0,20.0,1.0,1.0,20.0,1.0,1.0,1.0,1.0,1.0,1.0,5.0,5.0,5.0,5.0,5.0,15.0,1.0,10.0,10.0
1.0,1.0,5.0,1.0,1.0,8.0,1.0,1.0,1.0,10.0,15.0,1.0,1.0,5.0,5.0,1.0,5.0,10.0,10.0,1.0,1.0,1.0,1.0,20.0,20.0,20.0,20.0,20.0,20.0,20.0,20.0,20.0,20.0,1.0,1.0,5.0,5.0,1.0,1.0,1.0,15.0,10.0,1.0,1.0,15.0,8.0,1.0,5.0,1.0,1.0,8.0,20.0,1.0,1.0,20.0,1.0,1.0,1.0,20.0,20.0,20.0,20.0,20.0,1.0,20.0,1.0,1.0,1.0,1.0,1.0,1.0,5.0,5.0,1.0,1.0,15.0,1.0,10.0,10.0,1.0
1.0,1.0,5.0,1.0,8.0,8.0,1.0,1.0,10.0,10.0,15.0,1.0,1.0,5.0,5.0,5.0,5.0,10.0,1.0,20.0,20.0,20.0,20.0,20.0,20.0,20.0,20.0,20.0,20.0,20.0,20.0,20.0,20.0,1.0,1.0,5.0,5.0,5.0,1.0,1.0,10.0,10.0,1.0,15.0,1.0,8.0,5.0,5.0,1.0,1.0,8.0,20.0,20.0,20.0,20.0,20.0,1.0,1.0,1.0,1.0,1.0,1.0,1.0,1.0,20.0,1.0,1.0,1.0,1.0,1.0,1.0,1.0,5.0,1.0,1.0,15.0,15.0,10.0,10.0,1.0
1.0,1.0,5.0,8.0,8.0,1.0,1.0,10.0,10.0,15.0,15.0,1.0,5.0,5.0,5.0,5.0,1.0,10.0,1.0,20.0,20.0,20.0,20.0,20.0,20.0,20.0,20.0,20.0,20.0,20.0,20.0,20.0,20.0,20.0,1.0,5.0,5.0,5.0,1.0,1.0,10.0,1.0,1.0,15.0,1.0,8.0,5.0,1.0,5.0,5.0,5.0,1.0,1.0,1.0,1.0,20.0,20.0,20.0,1.0,1.0,1.0,1.0,1.0,1.0,20.0,20.0,1.0,1.0,5.0,5.0,5.0,5.0,1.0,5.0,1.0,1.0,1.0,15.0,10.0,1.0
1.0,5.0,5.0,8.0,1.0,1.0,10.0,10.0,1.0,15.0,1.0,1.0,5.0,1.0,5.0,5.0,1.0,10.0,1.0,20.0,20.0,20.0,20.0,20.0,20.0,20.0,20.0,20.0,20.0,20.0,20.0,20.0,20.0,20.0,1.0,1.0,5.0,5.0,5.0,1.0,10.0,1.0,1.0,15.0,1.0,8.0,5.0,5.0,5.0,1.0,1.0,5.0,5.0,5.0,1.0,1.0,1.0,20.0,20.0,20.0,1.0,1.0,1.0,1.0,20.0,20.0,1.0,5.0,5.0,1.0,1.0,1.0,5.0,5.0,1.0,1.0,1.0,1.0,10.0,10.0
5.0,5.0,1.0,8.0,1.0,1.0,10.0,15.0,15.0,1.0,1.0,5.0,5.0,1.0,5.0,5.0,1.0,10.0,1.0,20.0,20.0,20.0,20.0,20.0,20.0,20.0,20.0,20.0,20.0,20.0,20.0,20.0,20.0,20.0,1.0,1.0,5.0,1.0,5.0,1.0,10.0,10.0,1.0,15.0,1.0,1.0,5.0,5.0,5.0,1.0,1.0,1.0,1.0,1.0,5.0,5.0,1.0,1.0,1.0,20.0,20.0,20.0,20.0,20.0,20.0,5.0,5.0,5.0,1.0,1.0,1.0,1.0,1.0,1.0,1.0,15.0,15.0,15.0,15.0,10.0
5.0,5.0,8.0,8.0,1.0,10.0,1.0,15.0,1.0,1.0,1.0,5.0,1.0,5.0,5.0,5.0,5.0,10.0,1.0,20.0,20.0,20.0,20.0,20.0,20.0,20.0,20.0,20.0,20.0,20.0,20.0,20.0,20.0,20.0,1.0,1.0,5.0,5.0,5.0,1.0,10.0,10.0,1.0,15.0,1.0,1.0,5.0,1.0,5.0,20.0,20.0,20.0,20.0,20.0,20.0,20.0,5.0,5.0,1.0,1.0,1.0,1.0,1.0,1.0,5.0,5.0,1.0,15.0,15.0,15.0,15.0,15.0,15.0,15.0,15.0,1.0,1.0,1.0,1.0,1.0
1.0,1.0,8.0,1.0,1.0,10.0,1.0,15.0,1.0,1.0,5.0,1.0,5.0,5.0,1.0,5.0,5.0,10.0,1.0,20.0,20.0,20.0,20.0,20.0,20.0,20.0,20.0,20.0,20.0,20.0,20.0,20.0,20.0,20.0,1.0,1.0,1.0,1.0,5.0,5.0,10.0,10.0,1.0,15.0,1.0,1.0,1.0,1.0,5.0,20.0,20.0,20.0,20.0,20.0,20.0,20.0,20.0,1.0,5.0,5.0,5.0,1.0,1.0,1.0,5.0,15.0,15.0,15.0,1.0,1.0,1.0,1.0,1.0,10.0,10.0,10.0,10.0,10.0,10.0,10.0
1.0,1.0,8.0,1.0,1.0,10.0,1.0,15.0,1.0,1.0,5.0,5.0,5.0,1.0,1.0,5.0,5.0,10.0,1.0,20.0,20.0,20.0,20.0,20.0,20.0,20.0,20.0,20.0,20.0,20.0,20.0,20.0,20.0,20.0,1.0,1.0,1.0,1.0,5.0,5.0,15.0,10.0,1.0,15.0,1.0,1.0,1.0,5.0,5.0,1.0,20.0,20.0,20.0,20.0,20.0,20.0,20.0,1.0,1.0,1.0,5.0,5.0,5.0,5.0,5.0,15.0,1.0,1.0,10.0,10.0,10.0,10.0,10.0,1.0,1.0,1.0,1.0,1.0,1.0,1.0
1.0,1.0,8.0,1.0,10.0,1.0,1.0,15.0,1.0,5.0,1.0,5.0,1.0,1.0,1.0,5.0,5.0,1.0,1.0,20.0,20.0,20.0,20.0,20.0,20.0,20.0,20.0,20.0,20.0,20.0,20.0,20.0,20.0,20.0,1.0,1.0,1.0,1.0,5.0,5.0,15.0,10.0,1.0,15.0,1.0,1.0,1.0,5.0,1.0,1.0,20.0,20.0,20.0,20.0,20.0,20.0,20.0,1.0,1.0,1.0,1.0,1.0,1.0,1.0,15.0,15.0,10.0,10.0,10.0,1.0,1.0,20.0,20.0,20.0,20.0,20.0,20.0,20.0,20.0,1.0
1.0,8.0,1.0,10.0,10.0,1.0,1.0,15.0,1.0,5.0,5.0,1.0,1.0,1.0,5.0,5.0,10.0,1.0,1.0,20.0,20.0,20.0,20.0,20.0,20.0,20.0,20.0,20.0,20.0,20.0,20.0,20.0,20.0,1.0,1.0,1.0,1.0,5.0,5.0,5.0,15.0,1.0,1.0,15.0,1.0,5.0,5.0,1.0,1.0,1.0,20.0,20.0,20.0,20.0,20.0,1.0,1.0,1.0,10.0,10.0,10.0,1.0,1.0,1.0,15.0,10.0,10.0,20.0,20.0,1.0,20.0,20.0,20.0,1.0,1.0,1.0,1.0,1.0,20.0,20.0
1.0,8.0,1.0,10.0,1.0,1.0,15.0,1.0,1.0,5.0,1.0,1.0,1.0,1.0,5.0,5.0,10.0,1.0,20.0,20.0,20.0,20.0,20.0,20.0,20.0,20.0,20.0,20.0,20.0,20.0,20.0,20.0,20.0,20.0,20.0,20.0,20.0,20.0,5.0,1.0,15.0,15.0,1.0,15.0,1.0,5.0,1.0,1.0,1.0,1.0,20.0,20.0,20.0,20.0,20.0,1.0,10.0,10.0,10.0,1.0,1.0,1.0,1.0,15.0,1.0,10.0,1.0,20.0,20.0,20.0,20.0,20.0,20.0,20.0,20.0,20.0,20.0,20.0,20.0,20.0
8.0,8.0,1.0,10.0,1.0,15.0,15.0,1.0,1.0,5.0,1.0,1.0,1.0,5.0,1.0,5.0,1.0,1.0,20.0,20.0,20.0,20.0,20.0,20.0,20.0,20.0,20.0,20.0,20.0,20.0,20.0,20.0,20.0,20.0,20.0,20.0,20.0,20.0,5.0,5.0,1.0,15.0,15.0,15.0,1.0,5.0,1.0,1.0,1.0,20.0,20.0,20.0,20.0,20.0,20.0,1.0,10.0,10.0,1.0,1.0,10.0,1.0,1.0,15.0,1.0,10.0,1.0,1.0,20.0,20.0,20.0,20.0,20.0,20.0,20.0,20.0,20.0,20.0,20.0,20.0
8.0,1.0,1.0,10.0,1.0,15.0,1.0,1.0,5.0,5.0,1.0,5.0,5.0,1.0,1.0,5.0,10.0,1.0,20.0,20.0,20.0,20.0,20.0,20.0,20.0,20.0,20.0,20.0,20.0,20.0,20.0,20.0,20.0,20.0,20.0,20.0,20.0,20.0,5.0,5.0,1.0,1.0,15.0,15.0,1.0,5.0,5.0,5.0,1.0,20.0,20.0,20.0,20.0,20.0,20.0,1.0,1.0,10.0,1.0,1.0,10.0,1.0,1.0,15.0,1.0,10.0,1.0,20.0,20.0,20.0,1.0,20.0,20.0,20.0,20.0,20.0,20.0,20.0,1.0,20.0
8.0,1.0,1.0,10.0,1.0,15.0,1.0,5.0,1.0,5.0,1.0,5.0,5.0,1.0,1.0,5.0,5.0,10.0,20.0,20.0,20.0,20.0,20.0,20.0,20.0,20.0,20.0,20.0,20.0,20.0,20.0,20.0,20.0,20.0,20.0,20.0,20.0,20.0,5.0,5.0,5.0,1.0,1.0,1.0,1.0,1.0,1.0,5.0,5.0,20.0,20.0,20.0,20.0,20.0,20.0,1.0,1.0,10.0,1.0,1.0,10.0,1.0,1.0,15.0,1.0,10.0,1.0,20.0,20.0,20.0,20.0,20.0,20.0,20.0,20.0,20.0,20.0,20.0,20.0,1.0
8.0,1.0,1.0,10.0,1.0,1.0,15.0,5.0,1.0,1.0,1.0,1.0,1.0,5.0,5.0,5.0,5.0,5.0,10.0,10.0,20.0,20.0,20.0,20.0,20.0,20.0,20.0,20.0,1.0,1.0,1.0,1.0,1.0,1.0,1.0,20.0,20.0,20.0,5.0,1.0,5.0,1.0,5.0,5.0,5.0,5.0,1.0,1.0,5.0,5.0,5.0,5.0,1.0,20.0,20.0,1.0,1.0,1.0,10.0,1.0,10.0,10.0,1.0,15.0,1.0,10.0,1.0,20.0,1.0,20.0,20.0,20.0,20.0,20.0,1.0,20.0,20.0,20.0,20.0,1.0
8.0,8.0,1.0,10.0,1.0,1.0,15.0,5.0,1.0,1.0,1.0,1.0,1.0,1.0,1.0,5.0,5.0,5.0,1.0,10.0,10.0,10.0,10.0,10.0,1.0,1.0,20.0,1.0,20.0,20.0,20.0,1.0,20.0,20.0,20.0,20.0,20.0,20.0,5.0,1.0,5.0,5.0,5.0,1.0,1.0,1.0,5.0,5.0,1.0,1.0,1.0,5.0,5.0,5.0,5.0,5.0,5.0,5.0,10.0,1.0,1.0,1.0,1.0,15.0,1.0,10.0,10.0,20.0,1.0,20.0,1.0,20.0,20.0,20.0,20.0,20.0,20.0,1.0,20.0,1.0
1.0,8.0,1.0,10.0,1.0,1.0,1.0,5.0,5.0,1.0,1.0,1.0,1.0,1.0,1.0,1.0,1.0,5.0,5.0,5.0,1.0,1.0,1.0,1.0,10.0,10.0,20.0,1.0,20.0,20.0,20.0,20.0,20.0,1.0,20.0,20.0,20.0,20.0,5.0,1.0,5.0,5.0,1.0,1.0,1.0,1.0,1.0,5.0,5.0,5.0,5.0,1.0,1.0,1.0,5.0,5.0,5.0,5.0,10.0,10.0,1.0,1.0,1.0,15.0,1.0,10.0,10.0,20.0,1.0,20.0,1.0,20.0,1.0,1.0,20.0,20.0,20.0,20.0,20.0,1.0
1.0,8.0,8.0,10.0,10.0,1.0,1.0,1.0,5.0,5.0,5.0,1.0,1.0,1.0,1.0,1.0,1.0,1.0,5.0,5.0,5.0,5.0,5.0,1.0,1.0,10.0,20.0,1.0,1.0,20.0,20.0,20.0,20.0,20.0,1.0,20.0,20.0,20.0,5.0,5.0,1.0,1.0,1.0,1.0,1.0,1.0,1.0,1.0,1.0,1.0,5.0,5.0,5.0,5.0,10.0,10.0,10.0,10.0,10.0,10.0,1.0,1.0,1.0,15.0,15.0,10.0,1.0,1.0,20.0,20.0,1.0,20.0,20.0,20.0,20.0,20.0,20.0,20.0,20.0,1.0
1.0,1.0,8.0,1.0,10.0,10.0,10.0,10.0,10.0,10.0,10.0,5.0,5.0,5.0,5.0,5.0,5.0,5.0,5.0,1.0,1.0,1.0,5.0,5.0,1.0,10.0,20.0,1.0,20.0,20.0,20.0,20.0,20.0,20.0,20.0,20.0,20.0,1.0,1.0,5.0,1.0,1.0,1.0,5.0,5.0,5.0,1.0,1.0,1.0,1.0,5.0,5.0,5.0,10.0,10.0,10.0,10.0,10.0,10.0,10.0,10.0,10.0,1.0,1.0,15.0,10.0,10.0,10.0,1.0,20.0,20.0,20.0,20.0,20.0,20.0,20.0,1.0,1.0,1.0,1.0
1.0,1.0,8.0,8.0,1.0,1.0,1.0,1.0,1.0,1.0,10.0,10.0,10.0,10.0,10.0,10.0,15.0,1.0,1.0,1.0,1.0,1.0,1.0,5.0,1.0,10.0,20.0,1.0,20.0,20.0,1.0,20.0,1.0,20.0,1.0,1.0,1.0,1.0,1.0,5.0,1.0,1.0,5.0,5.0,1.0,1.0,5.0,5.0,1.0,5.0,5.0,1.0,5.0,10.0,10.0,10.0,10.0,10.0,10.0,10.0,10.0,10.0,10.0,10.0,15.0,15.0,1.0,10.0,10.0,10.0,1.0,20.0,20.0,1.0,1.0,1.0,1.0,1.0,1.0,1.0
1.0,8.0,1.0,1.0,8.0,8.0,8.0,8.0,1.0,1.0,1.0,1.0,1.0,1.0,1.0,10.0,10.0,10.0,15.0,15.0,1.0,1.0,1.0,5.0,1.0,10.0,20.0,1.0,20.0,20.0,20.0,20.0,20.0,20.0,1.0,1.0,10.0,10.0,1.0,5.0,5.0,1.0,5.0,1.0,1.0,1.0,1.0,5.0,5.0,5.0,1.0,1.0,5.0,1.0,1.0,15.0,15.0,15.0,15.0,15.0,10.0,10.0,10.0,10.0,10.0,10.0,15.0,15.0,15.0,10.0,10.0,10.0,1.0,1.0,1.0,1.0,8.0,8.0,1.0,1.0
1.0,8.0,1.0,1.0,1.0,1.0,1.0,8.0,8.0,8.0,8.0,1.0,1.0,20.0,1.0,1.0,1.0,10.0,10.0,10.0,15.0,1.0,1.0,5.0,1.0,10.0,20.0,1.0,20.0,20.0,20.0,20.0,20.0,1.0,20.0,1.0,10.0,10.0,10.0,1.0,5.0,5.0,5.0,1.0,1.0,1.0,1.0,1.0,1.0,1.0,1.0,5.0,5.0,15.0,15.0,15.0,1.0,1.0,1.0,1.0,1.0,1.0,1.0,1.0,1.0,10.0,10.0,15.0,15.0,1.0,15.0,10.0,10.0,10.0,1.0,1.0,1.0,8.0,1.0,1.0
1.0,8.0,1.0,1.0,1.0,20.0,20.0,20.0,20.0,1.0,8.0,8.0,8.0,8.0,8.0,1.0,1.0,1.0,1.0,10.0,10.0,15.0,1.0,1.0,5.0,10.0,10.0,1.0,1.0,1.0,1.0,1.0,1.0,1.0,20.0,10.0,10.0,1.0,10.0,10.0,1.0,5.0,1.0,5.0,1.0,1.0,1.0,1.0,1.0,1.0,5.0,5.0,15.0,1.0,1.0,1.0,1.0,1.0,20.0,20.0,20.0,20.0,1.0,1.0,1.0,1.0,10.0,10.0,10.0,15.0,15.0,10.0,10.0,10.0,1.0,1.0,1.0,8.0,1.0,1.0
1.0,8.0,1.0,1.0,1.0,20.0,20.0,20.0,20.0,20.0,20.0,20.0,1.0,20.0,1.0,8.0,8.0,1.0,1.0,1.0,10.0,15.0,15.0,1.0,5.0,1.0,10.0,10.0,10.0,20.0,20.0,20.0,20.0,20.0,10.0,10.0,1.0,1.0,1.0,10.0,1.0,1.0,5.0,1.0,5.0,1.0,1.0,1.0,1.0,5.0,5.0,15.0,1.0,1.0,1.0,1.0,1.0,20.0,20.0,20.0,20.0,20.0,20.0,20.0,20.0,1.0,1.0,1.0,10.0,10.0,10.0,10.0,1.0,1.0,1.0,1.0,1.0,8.0,1.0,1.0
1.0,8.0,1.0,1.0,1.0,20.0,20.0,20.0,20.0,20.0,20.0,20.0,20.0,20.0,20.0,1.0,8.0,8.0,1.0,1.0,10.0,1.0,15.0,1.0,5.0,5.0,1.0,1.0,10.0,10.0,10.0,10.0,10.0,10.0,10.0,1.0,1.0,1.0,1.0,10.0,1.0,1.0,5.0,5.0,1.0,5.0,5.0,1.0,1.0,5.0,1.0,15.0,1.0,1.0,1.0,1.0,20.0,20.0,20.0,20.0,20.0,20.0,20.0,20.0,20.0,20.0,1.0,1.0,1.0,1.0,1.0,1.0,1.0,1.0,1.0,8.0,8.0,8.0,1.0,1.0
1.0,8.0,1.0,1.0,1.0,1.0,20.0,20.0,20.0,20.0,20.0,20.0,1.0,20.0,20.0,1.0,1.0,8.0,1.0,1.0,10.0,1.0,1.0,15.0,1.0,5.0,5.0,1.0,1.0,1.0,1.0,1.0,1.0,1.0,1.0,1.0,1.0,1.0,1.0,10.0,10.0,1.0,1.0,5.0,1.0,1.0,5.0,5.0,1.0,5.0,1.0,15.0,1.0,1.0,1.0,1.0,20.0,20.0,20.0,20.0,20.0,20.0,20.0,20.0,20.0,20.0,20.0,20.0,20.0,1.0,1.0,1.0,1.0,1.0,8.0,8.0,1.0,1.0,1.0,1.0
1.0,8.0,1.0,1.0,1.0,1.0,20.0,20.0,20.0,20.0,20.0,20.0,20.0,20.0,20.0,1.0,1.0,8.0,1.0,1.0,10.0,1.0,1.0,15.0,1.0,1.0,1.0,5.0,5.0,1.0,1.0,1.0,1.0,1.0,1.0,1.0,1.0,1.0,1.0,1.0,10.0,1.0,1.0,1.0,5.0,1.0,1.0,5.0,5.0,5.0,5.0,15.0,1.0,1.0,1.0,1.0,20.0,20.0,20.0,20.0,1.0,20.0,20.0,20.0,20.0,20.0,20.0,20.0,20.0,20.0,20.0,1.0,1.0,1.0,8.0,1.0,1.0,1.0,1.0,1.0
1.0,8.0,1.0,1.0,1.0,1.0,20.0,20.0,20.0,20.0,20.0,20.0,20.0,20.0,20.0,20.0,1.0,8.0,1.0,1.0,10.0,1.0,1.0,15.0,1.0,1.0,1.0,1.0,1.0,5.0,5.0,5.0,5.0,5.0,5.0,5.0,5.0,5.0,5.0,1.0,1.0,10.0,10.0,1.0,5.0,5.0,1.0,1.0,1.0,1.0,5.0,5.0,15.0,1.0,1.0,1.0,20.0,20.0,20.0,20.0,20.0,20.0,20.0,20.0,20.0,20.0,20.0,20.0,20.0,20.0,20.0,1.0,1.0,1.0,8.0,8.0,8.0,8.0,8.0,8.0
1.0,8.0,1.0,1.0,1.0,1.0,20.0,20.0,20.0,20.0,20.0,20.0,20.0,20.0,20.0,20.0,1.0,8.0,1.0,1.0,10.0,1.0,15.0,15.0,1.0,1.0,1.0,1.0,1.0,8.0,8.0,1.0,1.0,1.0,1.0,1.0,1.0,1.0,1.0,5.0,5.0,1.0,10.0,10.0,10.0,5.0,5.0,1.0,1.0,1.0,1.0,5.0,5.0,1.0,1.0,1.0,20.0,1.0,20.0,20.0,20.0,20.0,20.0,20.0,20.0,20.0,20.0,20.0,20.0,20.0,20.0,1.0,1.0,1.0,1.0,1.0,1.0,1.0,1.0,8.0
1.0,1.0,8.0,8.0,1.0,1.0,20.0,20.0,20.0,20.0,20.0,20.0,20.0,20.0,20.0,20.0,1.0,8.0,8.0,1.0,10.0,1.0,15.0,1.0,1.0,1.0,1.0,1.0,1.0,1.0,1.0,1.0,8.0,8.0,1.0,1.0,1.0,1.0,1.0,1.0,5.0,5.0,5.0,5.0,5.0,5.0,5.0,5.0,5.0,5.0,5.0,5.0,5.0,15.0,15.0,1.0,20.0,1.0,20.0,20.0,20.0,20.0,20.0,20.0,20.0,20.0,20.0,20.0,20.0,20.0,20.0,1.0,1.0,1.0,1.0,1.0,1.0,1.0,8.0,8.0
1.0,1.0,1.0,8.0,8.0,1.0,20.0,20.0,20.0,20.0,20.0,20.0,20.0,20.0,20.0,20.0,1.0,1.0,8.0,1.0,10.0,1.0,15.0,15.0,15.0,15.0,15.0,15.0,15.0,15.0,15.0,15.0,15.0,15.0,15.0,15.0,15.0,15.0,15.0,15.0,15.0,15.0,15.0,15.0,15.0,1.0,1.0,1.0,10.0,10.0,10.0,10.0,1.0,15.0,15.0,1.0,20.0,20.0,20.0,20.0,20.0,20.0,20.0,20.0,20.0,20.0,20.0,20.0,20.0,20.0,20.0,20.0,1.0,1.0,8.0,8.0,8.0,8.0,8.0,1.0
1.0,1.0,1.0,1.0,1.0,8.0,20.0,20.0,20.0,20.0,20.0,20.0,20.0,20.0,20.0,20.0,1.0,1.0,8.0,8.0,10.0,10.0,1.0,1.0,1.0,1.0,8.0,8.0,8.0,8.0,1.0,1.0,1.0,1.0,1.0,1.0,1.0,1.0,1.0,10.0,10.0,10.0,10.0,10.0,10.0,10.0,10.0,15.0,15.0,15.0,15.0,10.0,10.0,15.0,1.0,20.0,20.0,20.0,20.0,20.0,20.0,20.0,20.0,20.0,20.0,20.0,20.0,20.0,20.0,20.0,20.0,1.0,1.0,8.0,8.0,1.0,1.0,1.0,1.0,1.0
1.0,1.0,8.0,8.0,8.0,1.0,20.0,20.0,20.0,20.0,20.0,20.0,20.0,20.0,20.0,20.0,20.0,1.0,1.0,8.0,1.0,10.0,10.0,1.0,1.0,1.0,1.0,1.0,1.0,1.0,8.0,8.0,8.0,1.0,1.0,20.0,10.0,10.0,10.0,10.0,1.0,1.0,1.0,1.0,1.0,1.0,10.0,10.0,10.0,10.0,10.0,10.0,10.0,15.0,1.0,20.0,20.0,20.0,1.0,20.0,20.0,20.0,20.0,20.0,20.0,20.0,20.0,20.0,20.0,20.0,20.0,1.0,8.0,8.0,1.0,1.0,1.0,1.0,1.0,1.0
1.0,1.0,8.0,1.0,1.0,1.0,1.0,1.0,1.0,1.0,1.0,1.0,1.0,20.0,20.0,1.0,20.0,20.0,1.0,8.0,8.0,1.0,1.0,10.0,10.0,10.0,10.0,10.0,10.0,10.0,10.0,10.0,10.0,10.0,10.0,10.0,10.0,20.0,20.0,20.0,20.0,20.0,20.0,20.0,20.0,20.0,20.0,20.0,1.0,1.0,1.0,10.0,10.0,1.0,1.0,1.0,20.0,20.0,20.0,20.0,20.0,20.0,20.0,20.0,20.0,20.0,20.0,20.0,20.0,20.0,20.0,1.0,8.0,1.0,1.0,1.0,1.0,1.0,1.0,1.0
1.0,1.0,1.0,8.0,8.0,1.0,1.0,1.0,1.0,1.0,1.0,1.0,1.0,1.0,1.0,1.0,20.0,20.0,20.0,1.0,8.0,8.0,1.0,1.0,1.0,1.0,1.0,1.0,1.0,1.0,1.0,1.0,1.0,1.0,20.0,20.0,20.0,20.0,20.0,20.0,20.0,20.0,20.0,20.0,20.0,20.0,20.0,20.0,20.0,20.0,20.0,20.0,20.0,20.0,20.0,20.0,20.0,20.0,20.0,20.0,20.0,20.0,20.0,20.0,20.0,20.0,20.0,20.0,20.0,20.0,20.0,1.0,8.0,1.0,1.0,1.0,1.0,1.0,1.0,1.0
1.0,1.0,1.0,1.0,1.0,8.0,8.0,8.0,8.0,8.0,8.0,8.0,8.0,8.0,8.0,1.0,1.0,20.0,20.0,1.0,20.0,8.0,8.0,8.0,8.0,1.0,1.0,1.0,1.0,1.0,1.0,1.0,1.0,1.0,20.0,20.0,20.0,20.0,20.0,20.0,20.0,20.0,20.0,20.0,20.0,20.0,20.0,20.0,20.0,20.0,20.0,20.0,20.0,20.0,20.0,20.0,20.0,20.0,20.0,20.0,20.0,20.0,20.0,20.0,20.0,20.0,20.0,20.0,20.0,1.0,20.0,1.0,1.0,8.0,8.0,8.0,1.0,1.0,GOLD,1.0
1.0,1.0,1.0,1.0,1.0,1.0,1.0,1.0,1.0,1.0,1.0,1.0,1.0,1.0,8.0,8.0,8.0,8.0,1.0,1.0,20.0,20.0,1.0,1.0,8.0,8.0,8.0,8.0,8.0,8.0,8.0,8.0,8.0,8.0,1.0,20.0,20.0,20.0,20.0,20.0,20.0,20.0,20.0,20.0,20.0,20.0,20.0,20.0,20.0,20.0,20.0,20.0,20.0,20.0,20.0,20.0,20.0,20.0,20.0,20.0,20.0,20.0,20.0,20.0,20.0,20.0,20.0,20.0,20.0,20.0,20.0,1.0,1.0,1.0,1.0,8.0,8.0,1.0,1.0,1.0
